1568648465237



Part 1: 
[[1,1,0,1,0,2,0,2,2],[1,1,1,1,0,2,0,2,2]]
,[[1,0,0,2,2,0,2,1,1],[1,1,0,2,2,0,2,1,1]]
,[[2,0,0,1,0,1,2,1,2],[2,0,1,1,0,1,2,1,2]]
,[[1,0,0,1,1,2,2,0,2],[1,1,0,1,1,2,2,0,2]]
,[[1,1,2,1,0,2,0,0,2],[1,1,2,1,1,2,0,0,2]]
,[[1,0,0,1,2,0,0,2,0],[1,1,0,1,2,0,0,2,0]]
,[[0,0,0,0,0,1,2,1,2],[1,0,0,0,0,1,2,1,2]]
,[[1,0,0,1,0,0,0,2,2],[1,1,0,1,0,0,0,2,2]]
,[[0,0,0,0,0,2,1,1,2],[1,0,0,0,0,2,1,1,2]]
,[[2,1,0,0,0,1,0,2,0],[2,1,1,0,0,1,0,2,0]]
,[[1,0,0,0,2,0,0,0,0],[1,1,0,0,2,0,0,0,0]]
,[[0,0,0,0,0,1,2,0,0],[1,0,0,0,0,1,2,0,0]]
,[[0,0,0,1,0,0,0,0,2],[0,0,0,1,0,1,0,0,2]]
,[[0,1,0,0,0,2,0,0,0],[1,1,0,0,0,2,0,0,0]]
,[[0,0,1,0,0,0,0,0,2],[1,0,1,0,0,0,0,0,2]]
difficulty: [3,3,3,3,3,2.5,2.5,5,5,5,1.17,2.33,2.33,3.5,3.5]
scores: [10,10,-10,-10,0,10,10,10,10,-10,10,10,10,0,10]
time: [25,8.6,7.6,10,9.8,51.6,24,1.8,40.4,0,15.8,4.8,9.8,23,4.2]









Part 2: 
[[1,0,0,2,1,1,0,2,2],[1,1,0,2,1,1,0,2,2]]
,[[2,1,2,1,0,1,0,2,0],[2,1,2,1,1,1,0,2,0]]
,[[1,1,2,2,0,0,0,1,2],[1,1,2,2,0,1,0,1,2]]
,[[1,0,0,0,1,0,2,0,2],[1,0,0,0,1,0,2,1,2]]
,[[0,1,0,0,0,2,0,1,2],[0,1,0,1,0,2,0,1,2]]
,[[0,2,0,0,0,2,0,1,1],[1,2,0,0,0,2,0,1,1]]
,[[0,0,2,0,0,1,0,0,0],[0,0,2,0,0,1,0,1,0]]
,[[0,0,1,0,0,2,0,0,0],[1,0,1,0,0,2,0,0,0]]
,[[0,0,0,0,0,1,0,2,0],[0,1,0,0,0,1,0,2,0]]
scores: [10,10,10,0,10,10,10,0,10]
time: [8.8,7.8,14.6,13,28.2,7.2,23.8,13,26.2]
time on expl: [5.2,1.6,0.8,5.2,2.6,0.4,0.4,0.4,0]


Part 3: 
[[1,1,2,2,0,2,0,1,0],[1,1,2,2,0,2,0,1,1]]
,[[1,0,2,1,1,0,0,2,2],[1,1,2,1,1,0,0,2,2]]
,[[2,1,2,1,0,1,0,0,2],[2,1,2,1,0,1,1,0,2]]
,[[1,0,2,0,0,1,1,2,2],[1,1,2,0,0,1,1,2,2]]
,[[1,1,0,2,0,0,2,1,2],[1,1,0,2,0,1,2,1,2]]
,[[1,1,0,0,0,2,0,0,2],[1,1,0,1,0,2,0,0,2]]
,[[0,1,2,1,0,0,0,0,2],[1,1,2,1,0,0,0,0,2]]
,[[1,2,2,0,0,1,0,0,0],[1,2,2,0,0,1,0,1,0]]
,[[0,1,2,0,0,0,0,2,1],[1,1,2,0,0,0,0,2,1]]
,[[2,2,0,1,0,0,0,1,0],[2,2,0,1,0,1,0,1,0]]
,[[1,0,2,0,0,0,0,0,0],[1,0,2,0,0,1,0,0,0]]
,[[0,1,0,0,0,0,0,0,2],[1,1,0,0,0,0,0,0,2]]
,[[0,0,0,1,0,0,2,0,0],[1,0,0,1,0,0,2,0,0]]
,[[0,0,0,1,0,0,0,2,0],[1,0,0,1,0,0,0,2,0]]
,[[0,0,0,0,1,0,2,0,0],[0,0,0,0,1,1,2,0,0]]
difficulty: [3,3,3,3,3,2.5,2.5,5,5,5,1.17,2.33,2.33,3.5,3.5]
scores: [10,0,-10,10,10,10,10,-10,10,10,10,10,10,0,10]
time: [12.6,12.2,11.4,14.6,10,16.6,5.4,9.8,7.2,7.2,24.6,8.4,4.4,11.8,14.2]


male

18-24

highsch
