1568645636247



Part 1: 
[[1,1,0,1,0,2,0,2,2],[1,1,1,1,0,2,0,2,2]]
,[[1,0,0,2,2,0,2,1,1],[1,0,1,2,2,0,2,1,1]]
,[[2,0,0,1,0,1,2,1,2],[2,0,0,1,1,1,2,1,2]]
,[[1,0,0,1,1,2,2,0,2],[1,0,1,1,1,2,2,0,2]]
,[[1,1,2,1,0,2,0,0,2],[1,1,2,1,1,2,0,0,2]]
,[[1,0,0,1,2,0,0,2,0],[1,0,1,1,2,0,0,2,0]]
,[[0,0,0,0,0,1,2,1,2],[0,0,1,0,0,1,2,1,2]]
,[[1,0,0,1,0,0,0,2,2],[1,1,0,1,0,0,0,2,2]]
,[[0,0,0,0,0,2,1,1,2],[0,0,1,0,0,2,1,1,2]]
,[[2,1,0,0,0,1,0,2,0],[2,1,0,0,0,1,0,2,1]]
,[[1,0,0,0,2,0,0,0,0],[1,0,0,0,2,0,0,0,1]]
,[[0,0,0,0,0,1,2,0,0],[0,1,0,0,0,1,2,0,0]]
,[[0,0,0,1,0,0,0,0,2],[0,0,1,1,0,0,0,0,2]]
,[[0,1,0,0,0,2,0,0,0],[0,1,1,0,0,2,0,0,0]]
,[[0,0,1,0,0,0,0,0,2],[0,1,1,0,0,0,0,0,2]]
difficulty: [3,3,3,3,3,2.5,2.5,5,5,5,1.17,2.33,2.33,3.5,3.5]
scores: [10,-10,10,-10,0,10,0,10,-10,-10,0,0,-10,-10,10]
time: [0.2,0.2,2.6,0.2,0.8,0.2,0,0.2,0,0,0.2,1.4,0.4,0,0.6]









Part 2: 
[[1,0,0,2,1,1,0,2,2],[1,0,1,2,1,1,0,2,2]]
,[[2,1,2,1,0,1,0,2,0],[2,1,2,1,1,1,0,2,0]]
,[[1,1,2,2,0,0,0,1,2],[1,1,2,2,0,1,0,1,2]]
,[[1,0,0,0,1,0,2,0,2],[1,0,0,1,1,0,2,0,2]]
,[[0,1,0,0,0,2,0,1,2],[1,1,0,0,0,2,0,1,2]]
,[[0,2,0,0,0,2,0,1,1],[0,2,0,1,0,2,0,1,1]]
,[[0,0,2,0,0,1,0,0,0],[0,0,2,0,0,1,0,1,0]]
,[[0,0,1,0,0,2,0,0,0],[0,0,1,1,0,2,0,0,0]]
,[[0,0,0,0,0,1,0,2,0],[1,0,0,0,0,1,0,2,0]]
scores: [-10,10,10,10,0,-10,10,10,0]
time: [4.4,6,2.8,4.6,3.8,4.8,6,3.2,1.8]
time on expl: [33,4.2,5.2,13.2,12.8,38.8,21.8,56,12]


Part 3: 
[[1,1,2,2,0,2,0,1,0],[1,1,2,2,0,2,1,1,0]]
,[[1,0,2,1,1,0,0,2,2],[1,0,2,1,1,0,1,2,2]]
,[[2,1,2,1,0,1,0,0,2],[2,1,2,1,1,1,0,0,2]]
,[[1,0,2,0,0,1,1,2,2],[1,1,2,0,0,1,1,2,2]]
,[[1,1,0,2,0,0,2,1,2],[1,1,1,2,0,0,2,1,2]]
,[[1,1,0,0,0,2,0,0,2],[1,1,0,1,0,2,0,0,2]]
,[[0,1,2,1,0,0,0,0,2],[0,1,2,1,0,0,0,1,2]]
,[[1,2,2,0,0,1,0,0,0],[1,2,2,1,0,1,0,0,0]]
,[[0,1,2,0,0,0,0,2,1],[0,1,2,0,0,0,1,2,1]]
,[[2,2,0,1,0,0,0,1,0],[2,2,0,1,0,1,0,1,0]]
,[[1,0,2,0,0,0,0,0,0],[1,0,2,0,1,0,0,0,0]]
,[[0,1,0,0,0,0,0,0,2],[0,1,0,0,0,0,1,0,2]]
,[[0,0,0,1,0,0,2,0,0],[0,0,0,1,0,0,2,0,1]]
,[[0,0,0,1,0,0,0,2,0],[0,0,0,1,0,0,1,2,0]]
,[[0,0,0,0,1,0,2,0,0],[0,0,1,0,1,0,2,0,0]]
difficulty: [3,3,3,3,3,2.5,2.5,5,5,5,1.17,2.33,2.33,3.5,3.5]
scores: [-10,-10,10,10,0,10,-10,10,0,10,10,0,0,0,0]
time: [2.4,5.2,0.6,1.8,2.4,0.6,4.8,3,0.8,1.6,2.6,0.2,1,3.8,0.6]


male

18-24

bachelor
