1568645952904



Part 1: 
[[1,1,0,1,0,2,0,2,2],[1,1,1,1,0,2,0,2,2]]
,[[1,0,0,2,2,0,2,1,1],[1,1,0,2,2,0,2,1,1]]
,[[2,0,0,1,0,1,2,1,2],[2,0,0,1,1,1,2,1,2]]
,[[1,0,0,1,1,2,2,0,2],[1,0,0,1,1,2,2,1,2]]
,[[1,1,2,1,0,2,0,0,2],[1,1,2,1,0,2,0,1,2]]
,[[1,0,0,1,2,0,0,2,0],[1,1,0,1,2,0,0,2,0]]
,[[0,0,0,0,0,1,2,1,2],[1,0,0,0,0,1,2,1,2]]
,[[1,0,0,1,0,0,0,2,2],[1,1,0,1,0,0,0,2,2]]
,[[0,0,0,0,0,2,1,1,2],[0,0,0,1,0,2,1,1,2]]
,[[2,1,0,0,0,1,0,2,0],[2,1,0,1,0,1,0,2,0]]
,[[1,0,0,0,2,0,0,0,0],[1,0,0,0,2,0,0,1,0]]
,[[0,0,0,0,0,1,2,0,0],[1,0,0,0,0,1,2,0,0]]
,[[0,0,0,1,0,0,0,0,2],[0,0,0,1,0,0,0,1,2]]
,[[0,1,0,0,0,2,0,0,0],[1,1,0,0,0,2,0,0,0]]
,[[0,0,1,0,0,0,0,0,2],[0,1,1,0,0,0,0,0,2]]
difficulty: [3,3,3,3,3,2.5,2.5,5,5,5,1.17,2.33,2.33,3.5,3.5]
scores: [10,10,10,10,10,10,10,10,-10,10,10,10,0,0,10]
time: [6.2,7.8,7.4,8.2,3.8,39,22,8.8,7.2,17.2,14.8,10.8,7.4,5,10]









Part 2: 
[[1,0,0,2,1,1,0,2,2],[1,1,0,2,1,1,0,2,2]]
,[[2,1,2,1,0,1,0,2,0],[2,1,2,1,1,1,0,2,0]]
,[[1,1,2,2,0,0,0,1,2],[1,1,2,2,0,1,0,1,2]]
,[[1,0,0,0,1,0,2,0,2],[1,0,0,1,1,0,2,0,2]]
,[[0,1,0,0,0,2,0,1,2],[1,1,0,0,0,2,0,1,2]]
,[[0,2,0,0,0,2,0,1,1],[0,2,0,1,0,2,0,1,1]]
,[[0,0,2,0,0,1,0,0,0],[0,0,2,0,0,1,0,1,0]]
,[[0,0,1,0,0,2,0,0,0],[1,0,1,0,0,2,0,0,0]]
,[[0,0,0,0,0,1,0,2,0],[0,1,0,0,0,1,0,2,0]]
scores: [10,10,10,10,0,-10,10,0,10]
time: [29.6,12.4,8.8,11.4,9,11.2,12,6,11]
time on expl: [0.8,0.4,0.4,0.8,0,0.8,0,0,0]


Part 3: 
[[1,1,2,2,0,2,0,1,0],[1,1,2,2,0,2,0,1,1]]
,[[1,0,2,1,1,0,0,2,2],[1,1,2,1,1,0,0,2,2]]
,[[2,1,2,1,0,1,0,0,2],[2,1,2,1,0,1,1,0,2]]
,[[1,0,2,0,0,1,1,2,2],[1,0,2,1,0,1,1,2,2]]
,[[1,1,0,2,0,0,2,1,2],[1,1,0,2,0,1,2,1,2]]
,[[1,1,0,0,0,2,0,0,2],[1,1,0,0,0,2,0,1,2]]
,[[0,1,2,1,0,0,0,0,2],[0,1,2,1,0,0,0,1,2]]
,[[1,2,2,0,0,1,0,0,0],[1,2,2,1,0,1,0,0,0]]
,[[0,1,2,0,0,0,0,2,1],[1,1,2,0,0,0,0,2,1]]
,[[2,2,0,1,0,0,0,1,0],[2,2,0,1,0,1,0,1,0]]
,[[1,0,2,0,0,0,0,0,0],[1,1,2,0,0,0,0,0,0]]
,[[0,1,0,0,0,0,0,0,2],[0,1,0,0,0,0,0,1,2]]
,[[0,0,0,1,0,0,2,0,0],[0,0,0,1,0,1,2,0,0]]
,[[0,0,0,1,0,0,0,2,0],[1,0,0,1,0,0,0,2,0]]
,[[0,0,0,0,1,0,2,0,0],[0,0,0,0,1,1,2,0,0]]
difficulty: [3,3,3,3,3,2.5,2.5,5,5,5,1.17,2.33,2.33,3.5,3.5]
scores: [10,0,-10,-10,10,0,-10,10,10,10,10,0,10,0,10]
time: [8.4,9,7.8,8,16,7.4,8.6,13,13,7.4,11.6,9.8,11.4,10,10.8]


female

25-34

highsch
