1568661070576



Part 1: 
[[1,1,0,1,0,2,0,2,2],[1,1,0,1,1,2,0,2,2]]
,[[1,0,0,2,2,0,2,1,1],[1,0,1,2,2,0,2,1,1]]
,[[2,0,0,1,0,1,2,1,2],[2,0,1,1,0,1,2,1,2]]
,[[1,0,0,1,1,2,2,0,2],[1,1,0,1,1,2,2,0,2]]
,[[1,1,2,1,0,2,0,0,2],[1,1,2,1,0,2,0,1,2]]
,[[1,0,0,1,2,0,0,2,0],[1,0,0,1,2,0,1,2,0]]
,[[0,0,0,0,0,1,2,1,2],[0,1,0,0,0,1,2,1,2]]
,[[1,0,0,1,0,0,0,2,2],[1,0,0,1,0,0,1,2,2]]
,[[0,0,0,0,0,2,1,1,2],[0,0,1,0,0,2,1,1,2]]
,[[2,1,0,0,0,1,0,2,0],[2,1,1,0,0,1,0,2,0]]
,[[1,0,0,0,2,0,0,0,0],[1,0,0,0,2,0,1,0,0]]
,[[0,0,0,0,0,1,2,0,0],[0,0,0,0,0,1,2,1,0]]
,[[0,0,0,1,0,0,0,0,2],[0,0,0,1,1,0,0,0,2]]
,[[0,1,0,0,0,2,0,0,0],[0,1,1,0,0,2,0,0,0]]
,[[0,0,1,0,0,0,0,0,2],[0,0,1,0,0,0,1,0,2]]
difficulty: [3,3,3,3,3,2.5,2.5,5,5,5,1.17,2.33,2.33,3.5,3.5]
scores: [-10,-10,-10,-10,10,0,-10,-10,-10,-10,10,0,0,-10,-10]
time: [0.4,0.2,1.4,0.8,0,0.4,0.4,0.8,0,0,0.8,0,0,0,0]









Part 2: 
[[1,0,0,2,1,1,0,2,2],[1,0,1,2,1,1,0,2,2]]
,[[2,1,2,1,0,1,0,2,0],[2,1,2,1,1,1,0,2,0]]
,[[1,1,2,2,0,0,0,1,2],[1,1,2,2,0,1,0,1,2]]
,[[1,0,0,0,1,0,2,0,2],[1,0,0,0,1,0,2,1,2]]
,[[0,1,0,0,0,2,0,1,2],[0,1,0,1,0,2,0,1,2]]
,[[0,2,0,0,0,2,0,1,1],[0,2,0,1,0,2,0,1,1]]
,[[0,0,2,0,0,1,0,0,0],[0,0,2,0,0,1,0,1,0]]
,[[0,0,1,0,0,2,0,0,0],[0,0,1,1,0,2,0,0,0]]
,[[0,0,0,0,0,1,0,2,0],[1,0,0,0,0,1,0,2,0]]
scores: [-10,10,10,0,10,-10,10,10,0]
time: [7.2,1.6,46.2,1,0.4,0.6,0.8,0.2,3.8]
time on expl: [3.8,1.4,0.4,0,0,0,0,0.4,0]


Part 3: 
[[1,1,2,2,0,2,0,1,0],[1,1,2,2,0,2,1,1,0]]
,[[1,0,2,1,1,0,0,2,2],[1,0,2,1,1,0,1,2,2]]
,[[2,1,2,1,0,1,0,0,2],[2,1,2,1,0,1,1,0,2]]
,[[1,0,2,0,0,1,1,2,2],[1,1,2,0,0,1,1,2,2]]
,[[1,1,0,2,0,0,2,1,2],[1,1,0,2,1,0,2,1,2]]
,[[1,1,0,0,0,2,0,0,2],[1,1,1,0,0,2,0,0,2]]
,[[0,1,2,1,0,0,0,0,2],[0,1,2,1,0,0,1,0,2]]
,[[1,2,2,0,0,1,0,0,0],[1,2,2,0,1,1,0,0,0]]
,[[0,1,2,0,0,0,0,2,1],[0,1,2,0,1,0,0,2,1]]
,[[2,2,0,1,0,0,0,1,0],[2,2,0,1,0,0,1,1,0]]
,[[1,0,2,0,0,0,0,0,0],[1,1,2,0,0,0,0,0,0]]
,[[0,1,0,0,0,0,0,0,2],[0,1,0,1,0,0,0,0,2]]
,[[0,0,0,1,0,0,2,0,0],[0,0,0,1,0,0,2,1,0]]
,[[0,0,0,1,0,0,0,2,0],[0,0,0,1,1,0,0,2,0]]
,[[0,0,0,0,1,0,2,0,0],[0,0,0,0,1,0,2,0,1]]
difficulty: [3,3,3,3,3,2.5,2.5,5,5,5,1.17,2.33,2.33,3.5,3.5]
scores: [-10,-10,-10,10,0,10,0,-10,-10,-10,10,10,0,-10,-10]
time: [3.2,0.8,0.4,0,0.2,0.4,0,0,0,0,0,0,0.2,0,0]


female

25-34

bachelor
