1568645316015



Part 1: 
[[1,1,0,1,0,2,0,2,2],[1,1,1,1,0,2,0,2,2]]
,[[1,0,0,2,2,0,2,1,1],[1,1,0,2,2,0,2,1,1]]
,[[2,0,0,1,0,1,2,1,2],[2,0,0,1,1,1,2,1,2]]
,[[1,0,0,1,1,2,2,0,2],[1,0,0,1,1,2,2,1,2]]
,[[1,1,2,1,0,2,0,0,2],[1,1,2,1,0,2,0,1,2]]
,[[1,0,0,1,2,0,0,2,0],[1,1,0,1,2,0,0,2,0]]
,[[0,0,0,0,0,1,2,1,2],[1,0,0,0,0,1,2,1,2]]
,[[1,0,0,1,0,0,0,2,2],[1,1,0,1,0,0,0,2,2]]
,[[0,0,0,0,0,2,1,1,2],[1,0,0,0,0,2,1,1,2]]
,[[2,1,0,0,0,1,0,2,0],[2,1,0,1,0,1,0,2,0]]
,[[1,0,0,0,2,0,0,0,0],[1,0,0,0,2,1,0,0,0]]
,[[0,0,0,0,0,1,2,0,0],[1,0,0,0,0,1,2,0,0]]
,[[0,0,0,1,0,0,0,0,2],[0,0,0,1,0,1,0,0,2]]
,[[0,1,0,0,0,2,0,0,0],[0,1,0,1,0,2,0,0,0]]
,[[0,0,1,0,0,0,0,0,2],[1,0,1,0,0,0,0,0,2]]
difficulty: [3,3,3,3,3,2.5,2.5,5,5,5,1.17,2.33,2.33,3.5,3.5]
scores: [10,10,10,10,10,10,10,10,10,10,10,10,10,10,10]
time: [42,11,8.2,5.8,23.8,66,24,16.4,31.8,26.6,140.8,117,190.4,35.4,17.2]









Part 2: 
[[1,0,0,2,1,1,0,2,2],[1,1,0,2,1,1,0,2,2]]
,[[2,1,2,1,0,1,0,2,0],[2,1,2,1,1,1,0,2,0]]
,[[1,1,2,2,0,0,0,1,2],[1,1,2,2,0,1,0,1,2]]
,[[1,0,0,0,1,0,2,0,2],[1,0,0,1,1,0,2,0,2]]
,[[0,1,0,0,0,2,0,1,2],[1,1,0,0,0,2,0,1,2]]
,[[0,2,0,0,0,2,0,1,1],[1,2,0,0,0,2,0,1,1]]
,[[0,0,2,0,0,1,0,0,0],[0,0,2,0,0,1,0,1,0]]
,[[0,0,1,0,0,2,0,0,0],[1,0,1,0,0,2,0,0,0]]
,[[0,0,0,0,0,1,0,2,0],[1,0,0,0,0,1,0,2,0]]
scores: [10,10,10,10,0,10,10,0,0]
time: [19.8,16,8.8,24.2,48.8,15,26.6,27.8,20.8]
time on expl: [4.6,1.6,1,4.2,20.6,1,2.6,10,120]


Part 3: 
[[1,1,2,2,0,2,0,1,0],[1,1,2,2,0,2,0,1,1]]
,[[1,0,2,1,1,0,0,2,2],[1,0,2,1,1,1,0,2,2]]
,[[2,1,2,1,0,1,0,0,2],[2,1,2,1,1,1,0,0,2]]
,[[1,0,2,0,0,1,1,2,2],[1,1,2,0,0,1,1,2,2]]
,[[1,1,0,2,0,0,2,1,2],[1,1,0,2,0,1,2,1,2]]
,[[1,1,0,0,0,2,0,0,2],[1,1,1,0,0,2,0,0,2]]
,[[0,1,2,1,0,0,0,0,2],[0,1,2,1,0,0,0,1,2]]
,[[1,2,2,0,0,1,0,0,0],[1,2,2,1,0,1,0,0,0]]
,[[0,1,2,0,0,0,0,2,1],[1,1,2,0,0,0,0,2,1]]
,[[2,2,0,1,0,0,0,1,0],[2,2,0,1,0,1,0,1,0]]
,[[1,0,2,0,0,0,0,0,0],[1,0,2,0,1,0,0,0,0]]
,[[0,1,0,0,0,0,0,0,2],[0,1,0,1,0,0,0,0,2]]
,[[0,0,0,1,0,0,2,0,0],[1,0,0,1,0,0,2,0,0]]
,[[0,0,0,1,0,0,0,2,0],[1,0,0,1,0,0,0,2,0]]
,[[0,0,0,0,1,0,2,0,0],[1,0,0,0,1,0,2,0,0]]
difficulty: [3,3,3,3,3,2.5,2.5,5,5,5,1.17,2.33,2.33,3.5,3.5]
scores: [10,10,10,10,10,10,-10,10,10,10,10,10,10,0,10]
time: [18.6,5.4,13.4,7.4,21.6,14.8,113,16,13,25.6,144.6,335.8,17.2,52.4,21.6]


male

25-34

bachelor
