1568654821105



Part 1: 
[[1,1,0,1,0,2,0,2,2],[1,1,1,1,0,2,0,2,2]]
,[[1,0,0,2,2,0,2,1,1],[1,0,0,2,2,1,2,1,1]]
,[[2,0,0,1,0,1,2,1,2],[2,0,0,1,1,1,2,1,2]]
,[[1,0,0,1,1,2,2,0,2],[1,0,1,1,1,2,2,0,2]]
,[[1,1,2,1,0,2,0,0,2],[1,1,2,1,1,2,0,0,2]]
,[[1,0,0,1,2,0,0,2,0],[1,0,0,1,2,0,0,2,1]]
,[[0,0,0,0,0,1,2,1,2],[1,0,0,0,0,1,2,1,2]]
,[[1,0,0,1,0,0,0,2,2],[1,0,0,1,1,0,0,2,2]]
,[[0,0,0,0,0,2,1,1,2],[0,1,0,0,0,2,1,1,2]]
,[[2,1,0,0,0,1,0,2,0],[2,1,0,0,0,1,0,2,1]]
,[[1,0,0,0,2,0,0,0,0],[1,0,0,0,2,0,0,1,0]]
,[[0,0,0,0,0,1,2,0,0],[1,0,0,0,0,1,2,0,0]]
,[[0,0,0,1,0,0,0,0,2],[1,0,0,1,0,0,0,0,2]]
,[[0,1,0,0,0,2,0,0,0],[1,1,0,0,0,2,0,0,0]]
,[[0,0,1,0,0,0,0,0,2],[1,0,1,0,0,0,0,0,2]]
difficulty: [3,3,3,3,3,2.5,2.5,5,5,5,1.17,2.33,2.33,3.5,3.5]
scores: [10,0,10,-10,0,0,10,-10,-10,-10,10,10,10,0,10]
time: [6.8,4.2,2.4,0,1,1,9.4,5,4.6,4.2,5.6,2.8,1,1.4,16.8]









Part 2: 
[[1,0,0,2,1,1,0,2,2],[1,0,1,2,1,1,0,2,2]]
,[[2,1,2,1,0,1,0,2,0],[2,1,2,1,1,1,0,2,0]]
,[[1,1,2,2,0,0,0,1,2],[1,1,2,2,0,1,0,1,2]]
,[[1,0,0,0,1,0,2,0,2],[1,0,0,0,1,0,2,1,2]]
,[[0,1,0,0,0,2,0,1,2],[0,1,0,1,0,2,0,1,2]]
,[[0,2,0,0,0,2,0,1,1],[1,2,0,0,0,2,0,1,1]]
,[[0,0,2,0,0,1,0,0,0],[0,0,2,0,0,1,0,1,0]]
,[[0,0,1,0,0,2,0,0,0],[0,0,1,1,0,2,0,0,0]]
,[[0,0,0,0,0,1,0,2,0],[1,0,0,0,0,1,0,2,0]]
scores: [-10,10,10,0,10,10,10,10,0]
time: [5.8,3,2.4,10.4,2.4,1.6,1.6,1.6,1.4]
time on expl: [9.6,8.2,6.4,1.6,4.8,5.2,114.2,4.6,0.8]


Part 3: 
[[1,1,2,2,0,2,0,1,0],[1,1,2,2,0,2,0,1,1]]
,[[1,0,2,1,1,0,0,2,2],[1,0,2,1,1,0,1,2,2]]
,[[2,1,2,1,0,1,0,0,2],[2,1,2,1,1,1,0,0,2]]
,[[1,0,2,0,0,1,1,2,2],[1,1,2,0,0,1,1,2,2]]
,[[1,1,0,2,0,0,2,1,2],[1,1,0,2,0,1,2,1,2]]
,[[1,1,0,0,0,2,0,0,2],[1,1,0,0,1,2,0,0,2]]
,[[0,1,2,1,0,0,0,0,2],[0,1,2,1,0,0,0,1,2]]
,[[1,2,2,0,0,1,0,0,0],[1,2,2,1,0,1,0,0,0]]
,[[0,1,2,0,0,0,0,2,1],[1,1,2,0,0,0,0,2,1]]
,[[2,2,0,1,0,0,0,1,0],[2,2,0,1,0,0,0,1,1]]
,[[1,0,2,0,0,0,0,0,0],[1,0,2,0,0,0,1,0,0]]
,[[0,1,0,0,0,0,0,0,2],[1,1,0,0,0,0,0,0,2]]
,[[0,0,0,1,0,0,2,0,0],[1,0,0,1,0,0,2,0,0]]
,[[0,0,0,1,0,0,0,2,0],[0,0,0,1,0,0,1,2,0]]
,[[0,0,0,0,1,0,2,0,0],[0,0,0,1,1,0,2,0,0]]
difficulty: [3,3,3,3,3,2.5,2.5,5,5,5,1.17,2.33,2.33,3.5,3.5]
scores: [10,-10,10,10,10,0,-10,10,10,-10,0,10,10,0,-10]
time: [15,0.4,0.2,0.2,0.6,0.4,6.2,0.8,2,2,1.6,0.4,2,0.6,0.6]


male

25-34

bachelor
