000000000
([0, 1, 2, 3, 4, 5, 6, 7, 8], [0, 0, 0, 0, 0, 0, 0, 0, 0])

000000001
([0, 1, 2, 3, 4, 5, 6, 7], [0, 0, 10, 10, 0, 10, 10, 0])

000000010
([0, 1, 2, 3, 4, 5, 6, 8], [0, 10, 10, 10, 10, 10, 10, 10])

000000012
([0, 1, 2, 3, 4, 5, 6], [10, 0, 0, 0, 0, 10, 10])

000000021
([0, 1, 2, 3, 4, 5, 6], [0, -10, -10, 0, -10, 0, 0])

000000102
([0, 1, 2, 3, 4, 5, 7], [10, 0, -10, 0, 0, -10, 10])

000000112
([0, 1, 2, 3, 4, 5], [10, 10, 10, 10, 10, 10])

000000121
([0, 1, 2, 3, 4, 5], [0, 10, 0, 10, 0, 10])

000001002
([0, 1, 2, 3, 4, 6, 7], [10, 0, 0, 10, 0, -10, 10])

000001012
([0, 1, 2, 3, 4, 6], [10, 10, 10, 10, 10, 10])

000001020
([0, 1, 2, 3, 4, 6, 8], [0, 10, 0, 10, 10, -10, 0])

000001021
([0, 1, 2, 3, 4, 6], [0, 10, 10, 10, 0, 10])

000001102
([0, 1, 2, 3, 4, 7], [10, 10, 10, 10, 10, -10])

000001120
([0, 1, 2, 3, 4, 8], [0, -10, 0, 10, 10, -10])

000001122
([0, 1, 2, 3, 4], [-10, -10, -10, -10, -10])

000001201
([0, 1, 2, 3, 4, 7], [0, 10, 10, 10, 10, 10])

000001210
([0, 1, 2, 3, 4, 8], [0, 10, 10, 10, 10, 10])

000001212
([0, 1, 2, 3, 4], [10, -10, 0, 10, 0])

000001221
([0, 1, 2, 3, 4], [10, -10, 10, 10, 10])

000002001
([0, 1, 2, 3, 4, 6, 7], [0, -10, -10, 0, -10, -10, 10])

000002011
([0, 1, 2, 3, 4, 6], [10, 10, 10, 10, 10, 10])

000002101
([0, 1, 2, 3, 4, 7], [0, 10, 0, -10, 10, 10])

000002112
([0, 1, 2, 3, 4], [10, -10, -10, -10, 0])

000002121
([0, 1, 2, 3, 4], [10, -10, -10, 0, -10])

000002211
([0, 1, 2, 3, 4], [10, 10, 10, 10, 10])

000010002
([0, 1, 2, 3, 5, 6, 7], [0, 0, 0, 0, 0, 0, 0])

000010012
([0, 1, 2, 3, 5, 6], [10, 10, 10, 0, 0, 10])

000010021
([0, 1, 2, 3, 5, 6], [-10, 10, 10, 10, 10, 10])

000010102
([0, 1, 2, 3, 5, 7], [10, 10, 10, 0, 0, 10])

000010122
([0, 1, 2, 3, 5], [-10, 10, -10, -10, -10])

000010201
([0, 1, 2, 3, 5, 7], [-10, 10, 10, 10, 10, 10])

000010212
([0, 1, 2, 3, 5], [0, 0, 0, 10, 0])

000010221
([0, 1, 2, 3, 5], [10, -10, -10, -10, 10])

000011002
([0, 1, 2, 3, 6, 7], [10, 10, 10, 0, 10, 10])

000011022
([0, 1, 2, 3, 6], [-10, 10, -10, 10, -10])

000011122
([0, 1, 2, 3], [10, -10, 10, -10])

000011202
([0, 1, 2, 3, 7], [10, 10, 0, 10, 0])

000011212
([0, 1, 2, 3], [10, 10, 10, 0])

000011221
([0, 1, 2, 3], [10, 10, 10, 10])

000012012
([0, 1, 2, 3, 6], [0, 0, 0, 0, 0])

000012021
([0, 1, 2, 3, 6], [10, -10, -10, -10, -10])

000012102
([0, 1, 2, 3, 7], [0, 0, 0, -10, 0])

000012112
([0, 1, 2, 3], [0, 10, 0, 0])

000012121
([0, 1, 2, 3], [-10, 10, 10, 10])

000020112
([0, 1, 2, 3, 5], [10, -10, -10, -10, 10])

000021012
([0, 1, 2, 3, 6], [10, -10, -10, -10, 10])

000021112
([], [10])

000100012
([0, 1, 2, 4, 5, 6], [0, 10, 10, 10, 10, 10])

000100020
([0, 1, 2, 4, 5, 6, 8], [0, 10, -10, -10, 10, 0, 0])

000100021
([0, 1, 2, 4, 5, 6], [0, 10, 10, 0, 0, 10])

000100102
([0, 1, 2, 4, 5, 7], [0, 10, 10, 10, 10, 10])

000100122
([0, 1, 2, 4, 5], [-10, 10, -10, -10, -10])

000100212
([0, 1, 2, 4, 5], [10, 10, 10, 10, 10])

000101002
([0, 1, 2, 4, 6, 7], [10, 10, 10, 10, 10, 10])

000101020
([0, 1, 2, 4, 6, 8], [10, 10, 10, 10, 10, 10])

000101022
([0, 1, 2, 4, 6], [-10, 10, -10, 10, -10])

000101122
([0, 1, 2, 4], [10, -10, 10, -10])

000101202
([0, 1, 2, 4, 7], [10, 10, 10, 10, 10])

000101212
([0, 1, 2, 4], [10, 10, 10, 10])

000101220
([0, 1, 2, 4, 8], [10, 10, 10, 10, 10])

000101221
([0, 1, 2, 4], [10, 10, 10, 10])

000102001
([0, 1, 2, 4, 6, 7], [10, 10, 10, 10, 10, 0])

000102010
([0, 1, 2, 4, 6, 8], [10, 10, 10, 10, 10, 10])

000102012
([0, 1, 2, 4, 6], [10, 10, 10, 0, -10])

000102021
([0, 1, 2, 4, 6], [-10, -10, -10, -10, 0])

000102102
([0, 1, 2, 4, 7], [10, 0, 10, -10, -10])

000102112
([0, 1, 2, 4], [-10, 10, 10, 10])

000102120
([0, 1, 2, 4, 8], [0, 0, 10, -10, 0])

000102121
([0, 1, 2, 4], [0, 10, 0, 10])

000102201
([0, 1, 2, 4, 7], [-10, -10, -10, -10, 10])

000102210
([0, 1, 2, 4, 8], [10, 10, 10, -10, 10])

000102211
([0, 1, 2, 4], [10, 10, 10, 10])

000110020
([0, 1, 2, 5, 6, 8], [10, 10, 10, -10, 10, 10])

000110022
([0, 1, 2, 5, 6], [-10, 10, -10, 10, -10])

000110122
([0, 1, 2, 5], [10, -10, 10, 0])

000110202
([0, 1, 2, 5, 7], [10, 10, 10, 10, 10])

000110212
([0, 1, 2, 5], [10, 10, 10, 10])

000110220
([0, 1, 2, 5, 8], [-10, -10, -10, 10, -10])

000110221
([0, 1, 2, 5], [10, 10, 10, -10])

000111022
([], [10])

000111202
([], [10])

000111220
([], [10])

000112002
([0, 1, 2, 6, 7], [-10, 0, -10, -10, 0])

000112012
([0, 1, 2, 6], [0, 10, 10, 10])

000112020
([0, 1, 2, 6, 8], [-10, -10, -10, -10, -10])

000112021
([0, 1, 2, 6], [-10, 10, 10, -10])

000112102
([0, 1, 2, 7], [0, -10, 0, 0])

000112120
([0, 1, 2, 8], [0, -10, 0, 0])

000112122
([0, 1, 2], [-10, 0, -10])

000112201
([0, 1, 2, 7], [-10, 10, 10, -10])

000112210
([0, 1, 2, 8], [-10, 10, 10, 10])

000112212
([0, 1, 2], [10, 10, 10])

000112221
([], [-10])

000120012
([0, 1, 2, 5, 6], [10, -10, -10, -10, -10])

000120021
([0, 1, 2, 5, 6], [0, 0, 0, 0, 0])

000120102
([0, 1, 2, 5, 7], [10, -10, -10, -10, -10])

000120112
([0, 1, 2, 5], [-10, 10, 10, 10])

000120120
([0, 1, 2, 5, 8], [0, 0, 10, -10, 0])

000120121
([0, 1, 2, 5], [0, 0, 0, 10])

000120201
([0, 1, 2, 5, 7], [0, 10, 0, 0, 10])

000120210
([0, 1, 2, 5, 8], [10, 10, 10, -10, 10])

000120211
([0, 1, 2, 5], [10, 10, 10, 10])

000121002
([0, 1, 2, 6, 7], [10, -10, -10, -10, -10])

000121012
([0, 1, 2, 6], [-10, 10, 10, 10])

000121020
([0, 1, 2, 6, 8], [0, 10, 0, -10, 0])

000121021
([0, 1, 2, 6], [0, 0, 0, 10])

000121102
([0, 1, 2, 7], [-10, 10, 10, -10])

000121120
([0, 1, 2, 8], [0, 0, 0, -10])

000121122
([0, 1, 2], [-10, -10, -10])

000121201
([0, 1, 2, 7], [0, 0, 10, 10])

000121210
([0, 1, 2, 8], [-10, 10, 10, 10])

000121212
([0, 1, 2], [10, -10, -10])

000121221
([0, 1, 2], [0, 10, 0])

000122001
([0, 1, 2, 6, 7], [0, 10, 10, 10, 10])

000122011
([0, 1, 2, 6], [10, 10, 10, 10])

000122101
([0, 1, 2, 7], [10, 10, 10, 10])

000122112
([0, 1, 2], [10, -10, -10])

000122121
([0, 1, 2], [0, 0, 10])

000122211
([0, 1, 2], [10, 10, 10])

000200101
([0, 1, 2, 4, 5, 7], [10, -10, 10, 10, -10, 10])

000200112
([0, 1, 2, 4, 5], [10, 0, 10, 0, 10])

000200121
([0, 1, 2, 4, 5], [10, -10, -10, -10, -10])

000201012
([0, 1, 2, 4, 6], [10, 10, 0, 0, 10])

000201021
([0, 1, 2, 4, 6], [10, -10, -10, -10, -10])

000201102
([0, 1, 2, 4, 7], [10, 10, 10, -10, 10])

000201112
([], [10])

000201120
([0, 1, 2, 4, 8], [10, -10, -10, -10, -10])

000201121
([0, 1, 2, 4], [-10, -10, -10, 10])

000201201
([0, 1, 2, 4, 7], [10, 10, 0, -10, 0])

000201211
([0, 1, 2, 4], [10, 0, 10, 10])

000202011
([0, 1, 2, 4, 6], [-10, 10, -10, 10, -10])

000202101
([0, 1, 2, 4, 7], [-10, -10, -10, -10, -10])

000202111
([0, 1, 2, 4], [10, -10, 10, -10])

000210021
([0, 1, 2, 5, 6], [10, -10, -10, -10, -10])

000210102
([0, 1, 2, 5, 7], [0, 0, 0, -10, 0])

000210112
([0, 1, 2, 5], [10, 10, 10, 0])

000210120
([0, 1, 2, 5, 8], [10, -10, -10, -10, -10])

000210121
([0, 1, 2, 5], [-10, 10, 10, 10])

000210201
([0, 1, 2, 5, 7], [10, 10, 0, -10, 10])

000210211
([0, 1, 2, 5], [10, 10, 10, 10])

000211012
([0, 1, 2, 6], [10, 10, 10, 0])

000211021
([0, 1, 2, 6], [-10, 10, 10, 10])

000211102
([0, 1, 2, 7], [10, 10, 10, -10])

000211120
([0, 1, 2, 8], [-10, -10, -10, -10])

000211122
([0, 1, 2], [-10, -10, -10])

000211201
([0, 1, 2, 7], [-10, 10, 10, 10])

000211212
([0, 1, 2], [0, 0, 0])

000211221
([0, 1, 2], [10, -10, -10])

000212001
([0, 1, 2, 6, 7], [10, 10, -10, -10, 10])

000212011
([0, 1, 2, 6], [10, 10, 10, 10])

000212101
([0, 1, 2, 7], [-10, 10, 10, 10])

000212112
([0, 1, 2], [0, 0, 0])

000212121
([0, 1, 2], [10, -10, -10])

000212211
([0, 1, 2], [10, 10, 10])

000220101
([0, 1, 2, 5, 7], [-10, -10, -10, 10, -10])

000220111
([0, 1, 2, 5], [10, 10, 10, -10])

000221011
([0, 1, 2, 6], [10, 10, 10, 10])

000221101
([0, 1, 2, 7], [10, 10, 10, 10])

000221121
([0, 1, 2], [10, -10, -10])

000221211
([0, 1, 2], [0, 10, 0])

000222111
([], [-10])

001010122
([0, 1, 3, 5], [-10, -10, 10, 10])

001010202
([0, 1, 3, 5, 7], [-10, 0, 10, 0, 0])

001010212
([0, 1, 3, 5], [10, 10, 0, 10])

001011022
([0, 1, 3, 6], [10, -10, -10, 10])

001011202
([0, 1, 3, 7], [10, 10, 0, 10])

001011222
([0, 1, 3], [-10, 10, 10])

001012012
([0, 1, 3, 6], [0, 10, 0, 10])

001012021
([0, 1, 3, 6], [-10, 10, 10, -10])

001012102
([0, 1, 3, 7], [0, 10, 10, 10])

001012122
([0, 1, 3], [10, 10, -10])

001012212
([0, 1, 3], [0, 0, 10])

001012221
([], [-10])

001020102
([0, 1, 3, 5, 7], [10, -10, -10, -10, -10])

001020112
([0, 1, 3, 5], [-10, 10, 10, 10])

001021012
([0, 1, 3, 6], [-10, 10, 10, 10])

001021122
([0, 1, 3], [10, -10, -10])

001021212
([0, 1, 3], [10, -10, -10])

001101022
([0, 1, 4, 6], [10, -10, 10, 10])

001101202
([0, 1, 4, 7], [10, 10, 10, 10])

001101222
([0, 1, 4], [-10, 10, 10])

001102012
([0, 1, 4, 6], [10, 10, 10, 10])

001102021
([0, 1, 4, 6], [10, -10, 10, -10])

001102102
([0, 1, 4, 7], [10, 10, 10, 10])

001102122
([0, 1, 4], [10, 10, -10])

001102212
([0, 1, 4], [10, 10, 10])

001102221
([], [-10])

001110202
([0, 1, 5, 7], [10, 10, 10, 10])

001110222
([0, 1, 5], [-10, 10, 10])

001111222
([], [10])

001112022
([0, 1, 6], [-10, 10, -10])

001112122
([0, 1], [10, -10])

001112202
([0, 1, 7], [-10, 10, 10])

001112212
([0, 1], [10, 10])

001120122
([0, 1, 5], [10, 10, -10])

001120212
([0, 1, 5], [10, 10, -10])

001120221
([0, 1, 5], [-10, 10, 0])

001121022
([0, 1, 6], [-10, 10, -10])

001121122
([0, 1], [-10, -10])

001121202
([0, 1, 7], [10, 10, -10])

001121212
([0, 1], [-10, 10])

001121221
([0, 1], [10, 0])

001122012
([0, 1, 6], [10, 10, -10])

001122021
([0, 1, 6], [-10, 10, 10])

001122102
([0, 1, 7], [10, 10, -10])

001122112
([0, 1], [-10, 10])

001122121
([0, 1], [10, 10])

001122211
([0, 1], [10, 10])

001201012
([0, 1, 4, 6], [10, 10, 10, 0])

001201021
([0, 1, 4, 6], [-10, 10, 10, 10])

001201122
([0, 1, 4], [10, -10, -10])

001201212
([0, 1, 4], [0, 0, 0])

001201221
([0, 1, 4], [10, -10, -10])

001202112
([0, 1, 4], [10, -10, 0])

001202121
([0, 1, 4], [10, -10, -10])

001210122
([0, 1, 5], [10, -10, -10])

001210212
([0, 1, 5], [0, 0, 0])

001211022
([0, 1, 6], [-10, -10, -10])

001211122
([0, 1], [-10, -10])

001211202
([0, 1, 7], [0, 0, 0])

001211212
([0, 1], [0, 0])

001211221
([0, 1], [-10, 10])

001212012
([0, 1, 6], [0, 0, 0])

001212102
([0, 1, 7], [10, 0, 0])

001212112
([0, 1], [0, 10])

001212121
([0, 1], [-10, 10])

001221012
([0, 1, 6], [10, -10, 10])

001221112
([], [10])

002101012
([0, 1, 4, 6], [10, 10, 10, 10])

002101122
([0, 1, 4], [-10, 10, 10])

002101212
([0, 1, 4], [10, -10, 10])

002102112
([0, 1, 4], [10, 0, 0])

002111122
([], [10])

002111212
([], [10])

002112112
([0, 1], [0, 10])

010101022
([0, 2, 4, 6], [10, 10, 10, 10])

010101222
([0, 2, 4], [10, 10, 10])

010102012
([0, 2, 4, 6], [10, 10, 10, 10])

010102020
([0, 2, 4, 6, 8], [-10, 10, -10, 0, -10])

010102021
([0, 2, 4, 6], [10, 0, 10, -10])

010102120
([0, 2, 4, 8], [10, 0, 10, 10])

010102122
([0, 2, 4], [0, 10, 0])

010102212
([0, 2, 4], [10, 10, 10])

010102221
([], [-10])

010111222
([], [10])

010112022
([0, 2, 6], [-10, 10, 0])

010112122
([0, 2], [10, 0])

010112212
([0, 2], [10, 10])

010121022
([0, 2, 6], [10, 10, -10])

010121122
([0, 2], [-10, 10])

010121212
([0, 2], [-10, 10])

010201020
([0, 2, 4, 6, 8], [10, -10, -10, -10, -10])

010201021
([0, 2, 4, 6], [-10, 10, 10, 10])

010201122
([0, 2, 4], [10, -10, -10])

010201212
([0, 2, 4], [10, 0, 0])

010202011
([], [10])

010202112
([0, 2, 4], [-10, -10, 0])

010202121
([0, 2, 4], [-10, -10, -10])

010211022
([0, 2, 6], [10, -10, -10])

010211122
([0, 2], [-10, 10])

010211212
([0, 2], [0, 10])

010211220
([0, 2, 8], [10, -10, -10])

010211221
([0, 2], [-10, 10])

010212012
([0, 2, 6], [0, 0, 0])

010212021
([0, 2, 6], [10, -10, -10])

010212112
([0, 2], [0, 0])

010212120
([0, 2, 8], [10, -10, -10])

010212121
([0, 2], [-10, 10])

010212211
([], [10])

010221112
([], [10])

010221121
([0, 2], [-10, 10])

010221211
([], [10])

011112022
([], [10])

011202021
([0, 4, 6], [-10, -10, -10])

011202112
([0, 4], [0, -10])

011202121
([0, 4], [-10, -10])

011211222
([0], [10])

011212122
([0], [10])

011212212
([0], [0])

011212221
([], [-10])

011221122
([0], [10])

011221212
([0], [10])

011221221
([0], [10])

011222112
([], [-10])

012121212
([0], [10])

021212121
([0], [10])

100000000
([1, 2, 3, 4, 5, 6, 7, 8], [0, 10, 0, 10, 0, 10, 0, 10])

100000002
([1, 2, 3, 4, 5, 6, 7], [10, 10, 10, 0, 10, 10, 10])

100000012
([1, 2, 3, 4, 5, 6], [10, 10, 10, 10, 10, 10])

100000020
([1, 2, 3, 4, 5, 6, 8], [0, 0, 0, 0, 0, 0, 0])

100000021
([1, 2, 3, 4, 5, 6], [10, 10, 10, 0, 10, 10])

100000102
([1, 2, 3, 4, 5, 7], [10, 10, 10, 10, 10, 10])

100000122
([1, 2, 3, 4, 5], [10, 10, -10, -10, -10])

100000212
([1, 2, 3, 4, 5], [10, 0, 10, 0, 10])

100001002
([1, 2, 3, 4, 6, 7], [10, 10, 10, 10, 10, 10])

100001020
([1, 2, 3, 4, 6, 8], [0, 10, 10, 10, 10, 10])

100001022
([1, 2, 3, 4, 6], [10, -10, -10, -10, -10])

100001122
([1, 2, 3, 4], [-10, 10, 10, 10])

100001202
([1, 2, 3, 4, 7], [10, 0, 10, 10, 10])

100001212
([1, 2, 3, 4], [10, 10, 10, 10])

100001220
([1, 2, 3, 4, 8], [10, 0, 10, 10, 10])

100001221
([1, 2, 3, 4], [10, 10, 10, 10])

100002001
([1, 2, 3, 4, 6, 7], [10, 10, 10, 0, 10, 10])

100002012
([1, 2, 3, 4, 6], [0, 10, 10, 0, 10])

100002021
([1, 2, 3, 4, 6], [-10, -10, -10, 10, 10])

100002102
([1, 2, 3, 4, 7], [0, 10, 10, 0, 10])

100002112
([1, 2, 3, 4], [10, 10, 10, 10])

100002120
([1, 2, 3, 4, 8], [0, 10, 0, 10, 10])

100002121
([1, 2, 3, 4], [10, 10, 10, 10])

100002201
([1, 2, 3, 4, 7], [-10, -10, -10, 10, 10])

100002211
([1, 2, 3, 4], [10, 10, 10, 10])

100010002
([1, 2, 3, 5, 6, 7], [0, 10, 0, 0, 10, 0])

100010022
([1, 2, 3, 5, 6], [0, -10, -10, -10, -10])

100010122
([1, 2, 3, 5], [-10, 0, 10, 10])

100010202
([1, 2, 3, 5, 7], [0, -10, 10, 10, 0])

100010212
([1, 2, 3, 5], [10, 10, 0, 10])

100010221
([], [10])

100011022
([1, 2, 3, 6], [-10, 10, 10, 10])

100011202
([1, 2, 3, 7], [10, 10, 10, 10])

100011222
([1, 2, 3], [10, -10, 10])

100012002
([1, 2, 3, 6, 7], [0, 0, -10, 0, 0])

100012012
([1, 2, 3, 6], [10, 10, 0, 10])

100012021
([], [10])

100012102
([1, 2, 3, 7], [10, 0, 10, 10])

100012122
([1, 2, 3], [0, 10, -10])

100012212
([1, 2, 3], [0, 0, 10])

100020012
([1, 2, 3, 5, 6], [10, 10, 10, 10, 10])

100020102
([1, 2, 3, 5, 7], [10, 10, 10, 10, 10])

100020112
([1, 2, 3, 5], [10, 10, 10, 10])

100021012
([1, 2, 3, 6], [10, 10, 10, 10])

100021122
([1, 2, 3], [10, 10, -10])

100021212
([1, 2, 3], [10, 10, 10])

100100020
([1, 2, 4, 5, 6, 8], [0, 10, 10, 0, 10, 10])

100100022
([1, 2, 4, 5, 6], [10, -10, -10, -10, -10])

100100122
([1, 2, 4, 5], [-10, 0, 10, 10])

100100202
([1, 2, 4, 5, 7], [10, 10, 10, 10, 10])

100100212
([], [10])

100101022
([1, 2, 4, 6], [-10, 10, 10, 10])

100101202
([1, 2, 4, 7], [10, 10, 10, 10])

100101220
([1, 2, 4, 8], [10, 10, 10, 10])

100101222
([1, 2, 4], [10, -10, 10])

100102002
([1, 2, 4, 6, 7], [10, 10, -10, 10, 10])

100102012
([], [10])

100102020
([1, 2, 4, 6, 8], [-10, -10, -10, 0, -10])

100102021
([1, 2, 4, 6], [10, 10, 0, -10])

100102102
([1, 2, 4, 7], [10, 10, 10, 10])

100102120
([1, 2, 4, 8], [10, 0, 10, 10])

100102122
([1, 2, 4], [0, 10, -10])

100102201
([1, 2, 4, 7], [10, 10, 10, -10])

100102210
([], [10])

100102221
([], [-10])

100110022
([1, 2, 5, 6], [-10, 10, -10, 10])

100110202
([1, 2, 5, 7], [10, 10, 10, 10])

100110220
([1, 2, 5, 8], [10, 10, -10, 10])

100110222
([1, 2, 5], [-10, -10, 10])

100111222
([], [10])

100112002
([1, 2, 6, 7], [10, 10, 10, -10])

100112020
([1, 2, 6, 8], [10, 10, -10, -10])

100112022
([1, 2, 6], [-10, -10, -10])

100112122
([1, 2], [-10, 0])

100112202
([1, 2, 7], [-10, -10, 10])

100112212
([], [10])

100112220
([], [-10])

100120012
([], [10])

100120020
([1, 2, 5, 6, 8], [10, 10, 0, 0, 0])

100120021
([1, 2, 5, 6], [0, 0, 0, 0])

100120102
([1, 2, 5, 7], [10, 10, 10, 10])

100120120
([1, 2, 5, 8], [10, 0, 10, 10])

100120122
([1, 2, 5], [10, 10, -10])

100120201
([1, 2, 5, 7], [10, 10, 10, 0])

100120210
([], [10])

100120221
([1, 2, 5], [-10, -10, 0])

100121002
([1, 2, 6, 7], [10, 10, 10, 10])

100121020
([1, 2, 6, 8], [0, 10, 10, 10])

100121022
([1, 2, 6], [10, -10, -10])

100121122
([1, 2], [-10, 10])

100121202
([1, 2, 7], [10, 10, 10])

100121212
([], [10])

100121220
([1, 2, 8], [10, 0, 0])

100121221
([1, 2], [0, 10])

100122001
([1, 2, 6, 7], [10, 10, 10, 0])

100122021
([1, 2, 6], [-10, -10, 0])

100122102
([1, 2, 7], [10, 10, 10])

100122112
([], [10])

100122120
([1, 2, 8], [0, 10, 0])

100122121
([1, 2], [10, 0])

100122201
([1, 2, 7], [-10, -10, 10])

100122211
([], [10])

100200021
([1, 2, 4, 5, 6], [10, 10, 10, 10, 10])

100200102
([1, 2, 4, 5, 7], [10, 10, 0, 10, 10])

100200112
([1, 2, 4, 5], [10, 10, 10, 10])

100200121
([1, 2, 4, 5], [10, 10, 10, 10])

100201012
([1, 2, 4, 6], [10, 10, 10, 10])

100201020
([1, 2, 4, 6, 8], [10, 10, 10, 10, 10])

100201021
([1, 2, 4, 6], [10, 10, 10, 10])

100201102
([1, 2, 4, 7], [10, 10, 10, 10])

100201120
([1, 2, 4, 8], [10, 10, 10, 10])

100201122
([1, 2, 4], [10, 10, -10])

100201201
([1, 2, 4, 7], [10, 10, 10, 10])

100201212
([1, 2, 4], [10, 0, 0])

100201221
([1, 2, 4], [10, 10, 10])

100202001
([1, 2, 4, 6, 7], [-10, -10, 10, -10, -10])

100202011
([1, 2, 4, 6], [10, 10, -10, 10])

100202101
([1, 2, 4, 7], [10, 10, -10, 10])

100202112
([1, 2, 4], [-10, 10, 0])

100202121
([1, 2, 4], [-10, 10, 10])

100202211
([1, 2, 4], [10, -10, 10])

100210021
([], [10])

100210102
([1, 2, 5, 7], [10, 0, 10, 10])

100210120
([1, 2, 5, 8], [10, 10, 10, 10])

100210122
([1, 2, 5], [10, 10, -10])

100210201
([], [10])

100210212
([1, 2, 5], [0, 0, 0])

100211022
([1, 2, 6], [10, -10, -10])

100211122
([1, 2], [-10, 10])

100211202
([1, 2, 7], [10, 0, 0])

100211212
([1, 2], [0, 10])

100211220
([1, 2, 8], [10, 10, 10])

100211221
([], [10])

100212001
([], [10])

100212012
([1, 2, 6], [0, 0, 0])

100212102
([1, 2, 7], [0, 10, 0])

100212112
([1, 2], [10, 0])

100212120
([1, 2, 8], [10, 10, 10])

100212121
([], [10])

100212211
([], [10])

100220101
([1, 2, 5, 7], [10, -10, -10, 10])

100220112
([1, 2, 5], [-10, 10, 10])

100220121
([1, 2, 5], [-10, 10, 10])

100220211
([1, 2, 5], [10, -10, 0])

100221012
([1, 2, 6], [10, 10, 10])

100221021
([1, 2, 6], [10, 10, 10])

100221102
([1, 2, 7], [10, 10, 10])

100221112
([], [10])

100221121
([1, 2], [10, 10])

100221201
([1, 2, 7], [10, 0, 0])

100221211
([1, 2], [0, 10])

100222011
([], [-10])

100222101
([], [-10])

101010202
([1, 3, 5, 7], [0, 0, 0, -10])

101010222
([1, 3, 5], [-10, -10, -10])

101011222
([1, 3], [-10, 10])

101012022
([1, 3, 6], [-10, -10, 10])

101012122
([], [10])

101012202
([1, 3, 7], [-10, -10, 0])

101012212
([1, 3], [10, 0])

101020102
([], [10])

101020212
([1, 3, 5], [10, 10, 10])

101021022
([1, 3, 6], [10, -10, 10])

101021122
([], [10])

101021212
([1, 3], [10, 10])

101101222
([1, 4], [-10, 10])

101102022
([1, 4, 6], [10, -10, 10])

101102122
([], [10])

101102202
([1, 4, 7], [10, -10, 10])

101102212
([], [10])

101110222
([1, 5], [-10, -10])

101112022
([1, 6], [-10, -10])

101112202
([1, 7], [10, -10])

101112222
([], [-10])

101120122
([], [10])

101120202
([1, 5, 7], [10, 10, 10])

101120212
([], [10])

101120221
([1, 5], [0, -10])

101121022
([1, 6], [-10, 10])

101121202
([1, 7], [10, 10])

101121222
([1], [10])

101122012
([], [10])

101122021
([1, 6], [10, -10])

101122102
([], [10])

101122221
([], [-10])

101201022
([1, 4, 6], [10, -10, 10])

101201122
([], [10])

101201202
([1, 4, 7], [10, 0, 0])

101201212
([1, 4], [0, 10])

101201221
([1, 4], [10, 10])

101202012
([1, 4, 6], [-10, 0, 10])

101202021
([1, 4, 6], [-10, 10, 10])

101202112
([], [10])

101202121
([], [10])

101210122
([], [10])

101210202
([1, 5, 7], [0, 0, 0])

101210212
([1, 5], [0, 0])

101211022
([1, 6], [-10, 10])

101211202
([1, 7], [0, 10])

101211222
([1], [10])

101212012
([1, 6], [10, 0])

101212102
([], [10])

101212212
([1], [0])

101221012
([1, 6], [10, 10])

101221212
([1], [10])

101221221
([1], [10])

102021012
([1, 3, 6], [10, 10, 10])

102021112
([], [10])

102101022
([1, 4, 6], [10, 10, -10])

102101122
([1, 4], [-10, 10])

102101212
([], [10])

102102112
([], [10])

102111022
([], [10])

102112122
([1], [0])

102121122
([1], [10])

102211122
([1], [10])

110101222
([], [10])

110102020
([2, 4, 6, 8], [0, 10, -10, 10])

110102022
([2, 4, 6], [10, -10, 0])

110102122
([2, 4], [0, 10])

110102212
([], [10])

110102220
([], [-10])

110112022
([2, 6], [0, -10])

110112222
([], [-10])

110121022
([], [10])

110122122
([2], [10])

110201020
([], [10])

110201122
([], [10])

110201212
([], [10])

110202012
([2, 4, 6], [-10, 0, -10])

110202021
([2, 4, 6], [-10, 10, -10])

110202112
([2, 4], [0, -10])

110202120
([2, 4, 8], [10, 10, -10])

110202121
([2, 4], [10, -10])

110202211
([], [10])

110211022
([], [10])

110211220
([], [10])

110212012
([2, 6], [0, 0])

110212021
([], [10])

110212120
([2, 8], [10, 10])

110212122
([2], [10])

110212212
([2], [0])

110222112
([], [-10])

110222121
([], [-10])

111121222
([], [10])

111122122
([], [10])

111202021
([4, 6], [-10, -10])

111202212
([4], [0])

111202221
([], [-10])

111211222
([], [10])

111212022
([6], [10])

111212122
([], [10])

111212212
([], [0])

111221122
([], [10])

111221212
([], [10])

111221221
([], [10])

112121212
([], [10])

121212121
([], [10])

200000001
([1, 2, 3, 4, 5, 6, 7], [0, 0, 0, -10, 0, 0, 0])

200000010
([1, 2, 3, 4, 5, 6, 8], [0, 0, 0, 0, 0, 0, 0])

200000011
([1, 2, 3, 4, 5, 6], [0, 10, 10, 10, 10, 10])

200000101
([1, 2, 3, 4, 5, 7], [0, 10, 10, 10, 0, 0])

200000112
([1, 2, 3, 4, 5], [-10, -10, -10, 0, 10])

200000121
([1, 2, 3, 4, 5], [-10, -10, 0, -10, -10])

200001001
([1, 2, 3, 4, 6, 7], [0, 0, 10, 10, 0, 0])

200001010
([1, 2, 3, 4, 6, 8], [10, 10, 10, 10, 0, 10])

200001012
([1, 2, 3, 4, 6], [-10, -10, -10, 10, 10])

200001021
([1, 2, 3, 4, 6], [-10, -10, 0, -10, -10])

200001102
([1, 2, 3, 4, 7], [-10, -10, -10, 10, 10])

200001112
([], [10])

200001120
([1, 2, 3, 4, 8], [-10, -10, 0, -10, -10])

200001121
([1, 2, 3, 4], [0, 0, -10, 0])

200001201
([1, 2, 3, 4, 7], [-10, 0, -10, -10, -10])

200001210
([1, 2, 3, 4, 8], [-10, 0, -10, -10, -10])

200001211
([1, 2, 3, 4], [0, -10, 10, 10])

200002011
([1, 2, 3, 4, 6], [10, -10, -10, -10, -10])

200002101
([1, 2, 3, 4, 7], [0, -10, -10, -10, -10])

200002111
([1, 2, 3, 4], [-10, 10, 10, 10])

200010001
([1, 2, 3, 5, 6, 7], [-10, -10, -10, -10, -10, -10])

200010012
([1, 2, 3, 5, 6], [0, 0, 0, 10, 0])

200010021
([1, 2, 3, 5, 6], [-10, -10, -10, -10, -10])

200010102
([1, 2, 3, 5, 7], [0, -10, 0, 10, 0])

200010112
([1, 2, 3, 5], [10, 10, 10, 0])

200010121
([1, 2, 3, 5], [-10, 0, -10, -10])

200010201
([1, 2, 3, 5, 7], [-10, -10, -10, -10, -10])

200010211
([1, 2, 3, 5], [-10, -10, 10, 10])

200011002
([1, 2, 3, 6, 7], [0, 0, 10, 10, 10])

200011012
([1, 2, 3, 6], [10, 10, 10, 10])

200011021
([1, 2, 3, 6], [10, 10, -10, 10])

200011102
([1, 2, 3, 7], [10, 10, 10, 10])

200011122
([1, 2, 3], [-10, -10, 10])

200011212
([1, 2, 3], [-10, 0, 10])

200011221
([1, 2, 3], [-10, -10, 10])

200012112
([1, 2, 3], [0, -10, -10])

200012121
([1, 2, 3], [-10, -10, -10])

200100010
([1, 2, 4, 5, 6, 8], [10, 0, 0, 10, 0, 0])

200100012
([1, 2, 4, 5, 6], [-10, -10, 0, -10, -10])

200100021
([1, 2, 4, 5, 6], [0, 0, -10, 0, 0])

200100102
([1, 2, 4, 5, 7], [-10, -10, 0, -10, -10])

200100112
([1, 2, 4, 5], [10, 10, -10, -10])

200100121
([1, 2, 4, 5], [0, 0, 0, 0])

200101002
([1, 2, 4, 6, 7], [-10, -10, 10, -10, -10])

200101012
([1, 2, 4, 6], [10, 10, -10, 10])

200101020
([1, 2, 4, 6, 8], [10, 10, 10, 0, 0])

200101021
([1, 2, 4, 6], [10, 10, 0, 10])

200101102
([1, 2, 4, 7], [10, 10, -10, 10])

200101120
([1, 2, 4, 8], [10, 10, 0, 10])

200101122
([1, 2, 4], [-10, -10, 10])

200101201
([1, 2, 4, 7], [10, -10, 0, 10])

200101210
([1, 2, 4, 8], [10, -10, -10, 10])

200101212
([1, 2, 4], [-10, -10, 10])

200101221
([1, 2, 4], [-10, 10, 10])

200102001
([1, 2, 4, 6, 7], [10, -10, -10, -10, -10])

200102010
([1, 2, 4, 6, 8], [10, -10, -10, -10, -10])

200102011
([1, 2, 4, 6], [-10, 10, 10, 10])

200102101
([1, 2, 4, 7], [-10, 0, 10, 0])

200102110
([1, 2, 4, 8], [-10, 0, -10, -10])

200102112
([1, 2, 4], [-10, -10, -10])

200102121
([1, 2, 4], [0, -10, -10])

200102211
([1, 2, 4], [10, -10, -10])

200110012
([1, 2, 5, 6], [10, 10, 0, 10])

200110020
([1, 2, 5, 6, 8], [10, 10, 10, 0, -10])

200110021
([1, 2, 5, 6], [10, 10, -10, 10])

200110102
([1, 2, 5, 7], [10, 10, 0, 10])

200110120
([1, 2, 5, 8], [10, 10, 0, 10])

200110122
([1, 2, 5], [10, -10, 10])

200110201
([1, 2, 5, 7], [10, -10, -10, 10])

200110210
([1, 2, 5, 8], [10, -10, -10, 10])

200110212
([1, 2, 5], [-10, 10, 10])

200110221
([1, 2, 5], [-10, -10, 10])

200111002
([], [10])

200111020
([], [10])

200111122
([], [10])

200111212
([], [10])

200111221
([], [10])

200112001
([1, 2, 6, 7], [-10, -10, -10, -10])

200112012
([1, 2, 6], [0, -10, -10])

200112021
([1, 2, 6], [-10, -10, -10])

200112102
([1, 2, 7], [0, -10, -10])

200112112
([1, 2], [-10, 0])

200112120
([1, 2, 8], [0, -10, -10])

200112121
([1, 2], [-10, 0])

200112201
([1, 2, 7], [-10, -10, -10])

200112210
([1, 2, 8], [-10, -10, -10])

200112211
([1, 2], [-10, -10])

200120101
([1, 2, 5, 7], [0, 10, 10, 0])

200120112
([], [-10])

200120121
([1, 2, 5], [0, 0, 0])

200120211
([1, 2, 5], [10, 0, -10])

200121001
([1, 2, 6, 7], [0, 0, 0, 0])

200121012
([], [-10])

200121021
([1, 2, 6], [0, 0, 0])

200121102
([], [-10])

200121120
([1, 2, 8], [-10, -10, 0])

200121121
([1, 2], [0, 0])

200121201
([1, 2, 7], [-10, 0, -10])

200121210
([1, 2, 8], [-10, -10, -10])

200121211
([1, 2], [0, -10])

200122011
([1, 2, 6], [10, -10, -10])

200122101
([1, 2, 7], [10, -10, -10])

200122111
([1, 2], [-10, 10])

200200101
([1, 2, 4, 5, 7], [-10, -10, -10, -10, 10])

200200111
([1, 2, 4, 5], [10, 10, 10, 10])

200201011
([1, 2, 4, 6], [10, 10, 10, 10])

200201101
([1, 2, 4, 7], [10, 10, 10, -10])

200201121
([], [-10])

200201211
([1, 2, 4], [10, 0, -10])

200202111
([1, 2, 4], [10, -10, -10])

200210101
([1, 2, 5, 7], [-10, -10, -10, -10])

200210112
([1, 2, 5], [0, 0, 10])

200210121
([], [-10])

200210211
([1, 2, 5], [10, 0, -10])

200211012
([1, 2, 6], [0, 0, 10])

200211021
([], [-10])

200211102
([1, 2, 7], [-10, -10, 10])

200211112
([], [10])

200211120
([], [-10])

200211201
([1, 2, 7], [-10, -10, -10])

200211211
([1, 2], [0, -10])

200212011
([1, 2, 6], [10, -10, -10])

200212101
([1, 2, 7], [-10, -10, -10])

200212111
([1, 2], [-10, 10])

200220111
([1, 2, 5], [10, -10, 10])

200221011
([1, 2, 6], [10, 10, 10])

200221101
([1, 2, 7], [-10, -10, 10])

200221111
([], [10])

201010102
([1, 3, 5, 7], [-10, 0, 0, -10])

201010122
([1, 3, 5], [-10, -10, -10])

201010212
([1, 3, 5], [0, 10, 0])

201011022
([1, 3, 6], [-10, 10, -10])

201011122
([1, 3], [-10, -10])

201011202
([1, 3, 7], [0, 10, 0])

201011212
([1, 3], [10, 0])

201011221
([1, 3], [10, -10])

201012012
([1, 3, 6], [0, -10, -10])

201012021
([1, 3, 6], [-10, -10, -10])

201012102
([1, 3, 7], [0, -10, -10])

201012112
([1, 3], [-10, 0])

201012121
([1, 3], [-10, -10])

201020112
([], [-10])

201021012
([], [-10])

201101022
([1, 4, 6], [10, 10, -10])

201101122
([1, 4], [-10, -10])

201101202
([1, 4, 7], [10, 10, -10])

201101212
([1, 4], [10, -10])

201101221
([1, 4], [10, 10])

201102012
([1, 4, 6], [10, -10, -10])

201102021
([1, 4, 6], [10, -10, -10])

201102102
([1, 4, 7], [10, -10, -10])

201102112
([1, 4], [-10, -10])

201102121
([1, 4], [-10, 10])

201102211
([1, 4], [-10, 10])

201110122
([1, 5], [-10, 10])

201110202
([1, 5, 7], [10, 10, 10])

201110212
([1, 5], [10, 10])

201111022
([], [10])

201111202
([], [10])

201112012
([1, 6], [-10, 10])

201112021
([1, 6], [-10, -10])

201112102
([1, 7], [-10, 10])

201112122
([1], [10])

201112212
([1], [10])

201112221
([], [-10])

201120121
([1, 5], [0, 10])

201120211
([1, 5], [0, 10])

201121021
([1, 6], [0, 10])

201121122
([], [-10])

201121212
([], [-10])

201121221
([1], [10])

201122112
([], [-10])

201122121
([1], [10])

201122211
([1], [10])

201201012
([1, 4, 6], [-10, 0, 10])

201201021
([], [-10])

201201112
([], [10])

201211012
([1, 6], [10, 0])

201211122
([], [-10])

201211212
([1], [0])

201211221
([], [-10])

201212112
([1], [0])

201212121
([], [-10])

202101012
([1, 4, 6], [-10, 10, 10])

202101112
([], [10])

202112112
([1], [0])

210101020
([2, 4, 6, 8], [10, 10, 10, 10])

210101022
([2, 4, 6], [10, 10, -10])

210101122
([2, 4], [10, -10])

210101212
([2, 4], [-10, -10])

210102012
([2, 4, 6], [10, 0, -10])

210102021
([2, 4, 6], [10, -10, 0])

210102112
([2, 4], [0, -10])

210102120
([2, 4, 8], [10, 0, 0])

210102121
([2, 4], [0, 10])

210102211
([], [10])

210111022
([], [10])

210112012
([2, 6], [0, 10])

210112021
([2, 6], [0, -10])

210112122
([2], [10])

210112212
([2], [10])

210112221
([], [-10])

210121122
([], [-10])

210121212
([], [-10])

210201021
([], [-10])

210201112
([], [10])

210202111
([], [10])

210211122
([], [-10])

210211212
([2], [0])

210211221
([], [-10])

210212011
([], [10])

210212112
([2], [0])

210212121
([], [-10])

210221121
([], [-10])

211111222
([], [10])

211112122
([], [10])

211112212
([], [10])

211202112
([4], [0])

211202121
([], [-10])

211211212
([], [0])

211212112
([], [0])

