Questions:

Phase 1:-------------------------------------------
   |   |
---+---+---
 X |   |
---+---+---
   |   | O
000001002
([0, 1, 2, 3, 4, 6, 7], [10, 0, 0, 10, 0, -10, 10])

   |   |
---+---+---
 O |   |
---+---+---
 X | O |
000000121
([0, 1, 2, 3, 4, 5], [0, 10, 0, 10, 0, 10])

   |   |
---+---+---
 O |   |
---+---+---
 X |   |
000000021
([0, 1, 2, 3, 4, 5, 6], [0, -10, -10, 0, -10, 0, 0])

   |   |
---+---+---
 O |   |
---+---+---
 X |   | O
000001021
([0, 1, 2, 3, 4, 6], [0, 10, 10, 10, 0, 10])




Phase 3: -----------------------------------------

   |   |
---+---+---
 O | O |
---+---+---
   |   | X
100002001
([1, 2, 3, 4, 6, 7], [10, 10, 10, 0, 10, 10])

   |   |
---+---+---
 X |   |
---+---+---
   | O | O
000001102
([0, 1, 2, 3, 4, 7], [10, 10, 10, 10, 10, -10])

   |   |
---+---+---
   |   |
---+---+---
 X | O | O
000001120
([0, 1, 2, 3, 4, 8], [0, -10, 0, 10, 10, -10])





Phase 5: -----------------------------------------

   |   | O
---+---+---
 O |   |
---+---+---
   |   | X
000102001
([0, 1, 2, 4, 6, 7], [10, 10, 10, 10, 10, 0])

   |   |
---+---+---
 O |   | O
---+---+---
 X |   |
000010021
([0, 1, 2, 3, 5, 6], [-10, 10, 10, 10, 10, 10])

   |   |
---+---+---
 O |   | O
---+---+---
   | X |
000010201
([0, 1, 2, 3, 5, 7], [-10, 10, 10, 10, 10, 10])





Train: -----------------------------------------
   |   |
---+---+---
 X |   | O
---+---+---
   |   |
000010002
([0, 1, 2, 3, 5, 6, 7], [0, 0, 0, 0, 0, 0, 0])

   |   |
---+---+---
   | O |
---+---+---
 X |   |
100000020
([1, 2, 3, 4, 5, 6, 8], [0, 0, 0, 0, 0, 0, 0])

   |   |
---+---+---
   | X |
---+---+---
 O |   |
200000010
([1, 2, 3, 4, 5, 6, 8], [0, 0, 0, 0, 0, 0, 0])

   |   |
---+---+---
 X |   |
---+---+---
 O |   |
000000012
([0, 1, 2, 3, 4, 5, 6], [10, 0, 0, 0, 0, 10, 10])

   |   |
---+---+---
 X | O |
---+---+---
   |   |
100000002
([1, 2, 3, 4, 5, 6, 7], [10, 10, 10, 0, 10, 10, 10])




Test: ------------------------------------------

   |   | O
---+---+---
   |   |
---+---+---
 X |   |
000100020
([0, 1, 2, 4, 5, 6, 8], [0, 10, -10, -10, 10, 0, 0])

   |   |
---+---+---
   |   |
---+---+---
 X |   | O
000001020
([0, 1, 2, 3, 4, 6, 8], [0, 10, 0, 10, 10, -10, 0])

   |   |
---+---+---
 O |   |
---+---+---
   |   | X
000002001
([0, 1, 2, 3, 4, 6, 7], [0, -10, -10, 0, -10, -10, 10])

   |   |
---+---+---
 X |   | O
---+---+---
 O |   |
000010012
([0, 1, 2, 3, 5, 6], [10, 10, 10, 0, 0, 10])


   |   | O
---+---+---
 O |   |
---+---+---
 X |   |
000100021
([0, 1, 2, 4, 5, 6], [0, 10, 10, 0, 0, 10])

   |   |
---+---+---
 X |   | O
---+---+---
   |   | O
000011002
([0, 1, 2, 3, 6, 7], [10, 10, 10, 0, 10, 10])
