

Part 1: 
[[1,1,0,1,0,2,0,2,2],[1,1,0,1,1,2,0,2,2]]
,[[1,0,0,2,2,0,2,1,1],[1,1,0,2,2,0,2,1,1]]
,[[2,0,0,1,0,1,2,1,2],[2,0,0,1,1,1,2,1,2]]
,[[1,0,0,1,1,2,2,0,2],[1,0,0,1,1,2,2,1,2]]
,[[1,1,2,1,0,2,0,0,2],[1,1,2,1,0,2,0,1,2]]
,[[1,0,0,1,2,0,0,2,0],[1,0,0,1,2,1,0,2,0]]
,[[0,0,0,0,0,1,2,1,2],[1,0,0,0,0,1,2,1,2]]
,[[1,0,0,1,0,0,0,2,2],[1,1,0,1,0,0,0,2,2]]
,[[0,0,0,0,0,2,1,1,2],[1,0,0,0,0,2,1,1,2]]
,[[2,1,0,0,0,1,0,2,0],[2,1,0,1,0,1,0,2,0]]
,[[1,0,0,0,2,0,0,0,0],[1,0,0,0,2,1,0,0,0]]
,[[0,0,0,0,0,1,2,0,0],[0,1,0,0,0,1,2,0,0]]
,[[0,0,0,1,0,0,0,0,2],[0,0,0,1,0,1,0,0,2]]
,[[0,1,0,0,0,2,0,0,0],[0,1,0,1,0,2,0,0,0]]
,[[0,0,1,0,0,0,0,0,2],[0,1,1,0,0,0,0,0,2]]
difficulty: [3,3,3,3,3,2.5,2.5,5,5,5,1.17,2.33,2.33,3.5,3.5]
scores: [-10,10,10,10,10,0,10,10,10,10,10,0,10,10,10]
time: [32,2.2,1.6,2.8,3.2,9.4,4.8,4,10.8,1.6,5,2.4,3,3.8,2.4]


Part 2: 
[[1,0,0,2,1,1,0,2,2],[1,0,1,2,1,1,0,2,2]]
,[[2,1,2,1,0,1,0,2,0],[2,1,2,1,1,1,0,2,0]]
,[[1,1,2,2,0,0,0,1,2],[1,1,2,2,0,1,0,1,2]]
,[[1,0,0,0,1,0,2,0,2],[1,0,0,1,1,0,2,0,2]]
,[[0,1,0,0,0,2,0,1,2],[0,1,0,1,0,2,0,1,2]]
,[[0,2,0,0,0,2,0,1,1],[1,2,0,0,0,2,0,1,1]]
,[[0,0,2,0,0,1,0,0,0],[0,0,2,0,0,1,0,1,0]]
,[[0,0,1,0,0,2,0,0,0],[1,0,1,0,0,2,0,0,0]]
,[[0,0,0,0,0,1,0,2,0],[1,0,0,0,0,1,0,2,0]]
scores: [-10,10,10,10,10,10,10,0,0]
time: [21,5.2,3.8,7.2,2.8,10.6,5.2,4.4,8.4]
time on expl: [9.4,5,0.8,5,0.6,2.4,2.4,1.6,1.2]


Part 3: 
[[1,1,2,2,0,2,0,1,0],[1,1,2,2,0,2,0,1,1]]
,[[1,0,2,1,1,0,0,2,2],[1,0,2,1,1,1,0,2,2]]
,[[2,1,2,1,0,1,0,0,2],[2,1,2,1,1,1,0,0,2]]
,[[1,0,2,0,0,1,1,2,2],[1,1,2,0,0,1,1,2,2]]
,[[1,1,0,2,0,0,2,1,2],[1,1,0,2,0,1,2,1,2]]
,[[1,1,0,0,0,2,0,0,2],[1,1,0,0,0,2,0,1,2]]
,[[0,1,2,1,0,0,0,0,2],[1,1,2,1,0,0,0,0,2]]
,[[1,2,2,0,0,1,0,0,0],[1,2,2,0,0,1,0,1,0]]
,[[0,1,2,0,0,0,0,2,1],[0,1,2,0,0,1,0,2,1]]
,[[2,2,0,1,0,0,0,1,0],[2,2,0,1,0,1,0,1,0]]
,[[1,0,2,0,0,0,0,0,0],[1,0,2,0,0,0,0,1,0]]
,[[0,1,0,0,0,0,0,0,2],[0,1,0,0,0,1,0,0,2]]
,[[0,0,0,1,0,0,2,0,0],[0,0,0,1,0,0,2,1,0]]
,[[0,0,0,1,0,0,0,2,0],[0,1,0,1,0,0,0,2,0]]
,[[0,0,0,0,1,0,2,0,0],[0,0,0,0,1,0,2,0,1]]
difficulty: [3,3,3,3,3,2.5,2.5,5,5,5,1.17,2.33,2.33,3.5,3.5]
scores: [10,10,10,10,10,0,10,-10,-10,10,10,0,0,10,-10]
time: [3.6,3.4,0.6,1.8,3.8,2,2.2,5.2,6.4,20.4,3,1.2,1,6.8,1.8]
