

Part 1: 
[[1,1,0,1,0,2,0,2,2],[1,1,1,1,0,2,0,2,2]]
,[[1,0,0,2,2,0,2,1,1],[1,1,0,2,2,0,2,1,1]]
,[[2,0,0,1,0,1,2,1,2],[2,0,0,1,1,1,2,1,2]]
,[[1,0,0,1,1,2,2,0,2],[1,0,1,1,1,2,2,0,2]]
,[[1,1,2,1,0,2,0,0,2],[1,1,2,1,0,2,0,1,2]]
,[[1,0,0,1,2,0,0,2,0],[1,1,0,1,2,0,0,2,0]]
,[[0,0,0,0,0,1,2,1,2],[0,0,0,1,0,1,2,1,2]]
,[[1,0,0,1,0,0,0,2,2],[1,1,0,1,0,0,0,2,2]]
,[[0,0,0,0,0,2,1,1,2],[0,0,1,0,0,2,1,1,2]]
,[[2,1,0,0,0,1,0,2,0],[2,1,0,1,0,1,0,2,0]]
,[[1,0,0,0,2,0,0,0,0],[1,1,0,0,2,0,0,0,0]]
,[[0,0,0,0,0,1,2,0,0],[0,1,0,0,0,1,2,0,0]]
,[[0,0,0,1,0,0,0,0,2],[0,0,0,1,0,0,0,1,2]]
,[[0,1,0,0,0,2,0,0,0],[0,1,0,0,0,2,0,1,0]]
,[[0,0,1,0,0,0,0,0,2],[0,0,1,0,0,0,1,0,2]]
difficulty: [3,3,3,3,3,2.5,2.5,5,5,5,1.17,2.33,2.33,3.5,3.5]
scores: [10,10,10,-10,10,10,10,10,-10,10,10,0,0,10,-10]
time: [23.6,5,0.8,18.2,3.6,11.2,3.6,10,10.6,3.4,8.4,2.4,2.2,2,1.8]


Part 2: 
[[1,0,0,2,1,1,0,2,2],[1,1,0,2,1,1,0,2,2]]
,[[2,1,2,1,0,1,0,2,0],[2,1,2,1,0,1,1,2,0]]
,[[1,1,2,2,0,0,0,1,2],[1,1,2,2,1,0,0,1,2]]
,[[1,0,0,0,1,0,2,0,2],[1,0,0,0,1,0,2,1,2]]
,[[0,1,0,0,0,2,0,1,2],[1,1,0,0,0,2,0,1,2]]
,[[0,2,0,0,0,2,0,1,1],[1,2,0,0,0,2,0,1,1]]
,[[0,0,2,0,0,1,0,0,0],[0,0,2,0,0,1,0,0,1]]
,[[0,0,1,0,0,2,0,0,0],[1,0,1,0,0,2,0,0,0]]
,[[0,0,0,0,0,1,0,2,0],[1,0,0,0,0,1,0,2,0]]
scores: [10,0,0,0,0,10,0,0,0]
time: [14.4,8.4,2.8,6.4,9,0,15.6,0.8,0.2]
time on expl: [45.4,5,2.2,9.8,1,0.6,4.6,0.8,7.2]


Part 3: 
[[1,1,2,2,0,2,0,1,0],[1,1,2,2,0,2,0,1,1]]
,[[1,0,2,1,1,0,0,2,2],[1,0,2,1,1,1,0,2,2]]
,[[2,1,2,1,0,1,0,0,2],[2,1,2,1,1,1,0,0,2]]
,[[1,0,2,0,0,1,1,2,2],[1,0,2,1,0,1,1,2,2]]
,[[1,1,0,2,0,0,2,1,2],[1,1,0,2,0,1,2,1,2]]
,[[1,1,0,0,0,2,0,0,2],[1,1,0,1,0,2,0,0,2]]
,[[0,1,2,1,0,0,0,0,2],[0,1,2,1,0,1,0,0,2]]
,[[1,2,2,0,0,1,0,0,0],[1,2,2,0,0,1,0,1,0]]
,[[0,1,2,0,0,0,0,2,1],[0,1,2,0,0,1,0,2,1]]
,[[2,2,0,1,0,0,0,1,0],[2,2,0,1,0,1,0,1,0]]
,[[1,0,2,0,0,0,0,0,0],[1,0,2,0,0,0,0,1,0]]
,[[0,1,0,0,0,0,0,0,2],[0,1,0,0,0,1,0,0,2]]
,[[0,0,0,1,0,0,2,0,0],[0,0,0,1,0,0,2,1,0]]
,[[0,0,0,1,0,0,0,2,0],[0,1,0,1,0,0,0,2,0]]
,[[0,0,0,0,1,0,2,0,0],[0,0,0,0,1,0,2,0,1]]
difficulty: [3,3,3,3,3,2.5,2.5,5,5,5,1.17,2.33,2.33,3.5,3.5]
scores: [10,10,10,-10,10,10,10,-10,-10,10,10,0,0,10,-10]
time: [5.6,0.6,0.8,4,12.6,5.2,3.2,4.2,4.2,4.2,2.8,0.8,0.8,0.8,0.6]
