

Part 1: 
[[1,1,0,1,0,2,0,2,2],[1,1,1,1,0,2,0,2,2]]
,[[1,0,0,2,2,0,2,1,1],[1,1,0,2,2,0,2,1,1]]
,[[2,0,0,1,0,1,2,1,2],[2,0,0,1,1,1,2,1,2]]
,[[1,0,0,1,1,2,2,0,2],[1,0,0,1,1,2,2,1,2]]
,[[1,1,2,1,0,2,0,0,2],[1,1,2,1,0,2,0,1,2]]
,[[1,0,0,1,2,0,0,2,0],[1,0,0,1,2,0,1,2,0]]
,[[0,0,0,0,0,1,2,1,2],[1,0,0,0,0,1,2,1,2]]
,[[1,0,0,1,0,0,0,2,2],[1,0,1,1,0,0,0,2,2]]
,[[0,0,0,0,0,2,1,1,2],[1,0,0,0,0,2,1,1,2]]
,[[2,1,0,0,0,1,0,2,0],[2,1,1,0,0,1,0,2,0]]
,[[1,0,0,0,2,0,0,0,0],[1,0,0,0,2,0,1,0,0]]
,[[0,0,0,0,0,1,2,0,0],[0,0,0,0,1,1,2,0,0]]
,[[0,0,0,1,0,0,0,0,2],[0,0,0,1,1,0,0,0,2]]
,[[0,1,0,0,0,2,0,0,0],[0,1,1,0,0,2,0,0,0]]
,[[0,0,1,0,0,0,0,0,2],[0,0,1,1,0,0,0,0,2]]
difficulty: [3,3,3,3,3,2.5,2.5,5,5,5,1.17,2.33,2.33,3.5,3.5]
scores: [10,10,10,10,10,0,10,-10,10,-10,10,10,0,-10,-10]
time: [3.2,2,0.6,4.6,1.2,11.8,7.6,4.8,1.8,4,0.4,1,0.4,0.8,0.6]


Part 2: 
[[1,0,0,2,1,1,0,2,2],[1,0,1,2,1,1,0,2,2]]
,[[2,1,2,1,0,1,0,2,0],[2,1,2,1,1,1,0,2,0]]
,[[1,1,2,2,0,0,0,1,2],[1,1,2,2,0,1,0,1,2]]
,[[1,0,0,0,1,0,2,0,2],[1,0,0,1,1,0,2,0,2]]
,[[0,1,0,0,0,2,0,1,2],[1,1,0,0,0,2,0,1,2]]
,[[0,2,0,0,0,2,0,1,1],[0,2,0,1,0,2,0,1,1]]
,[[0,0,2,0,0,1,0,0,0],[0,0,2,0,0,1,0,1,0]]
,[[0,0,1,0,0,2,0,0,0],[1,0,1,0,0,2,0,0,0]]
,[[0,0,0,0,0,1,0,2,0],[1,0,0,0,0,1,0,2,0]]
scores: [-10,10,10,10,0,-10,10,0,0]
time: [19,8.4,4.6,8,9.8,5,1.6,6.4,6.2]
time on expl: [4.4,3.4,2.2,0.6,1.8,1.2,0.6,0.2,5.2]


Part 3: 
[[1,1,2,2,0,2,0,1,0],[1,1,2,2,0,2,0,1,1]]
,[[1,0,2,1,1,0,0,2,2],[1,0,2,1,1,1,0,2,2]]
,[[2,1,2,1,0,1,0,0,2],[2,1,2,1,1,1,0,0,2]]
,[[1,0,2,0,0,1,1,2,2],[1,1,2,0,0,1,1,2,2]]
,[[1,1,0,2,0,0,2,1,2],[1,1,0,2,0,1,2,1,2]]
,[[1,1,0,0,0,2,0,0,2],[1,1,1,0,0,2,0,0,2]]
,[[0,1,2,1,0,0,0,0,2],[0,1,2,1,0,1,0,0,2]]
,[[1,2,2,0,0,1,0,0,0],[1,2,2,0,0,1,1,0,0]]
,[[0,1,2,0,0,0,0,2,1],[1,1,2,0,0,0,0,2,1]]
,[[2,2,0,1,0,0,0,1,0],[2,2,0,1,0,1,0,1,0]]
,[[1,0,2,0,0,0,0,0,0],[1,0,2,0,0,1,0,0,0]]
,[[0,1,0,0,0,0,0,0,2],[0,1,1,0,0,0,0,0,2]]
,[[0,0,0,1,0,0,2,0,0],[0,0,1,1,0,0,2,0,0]]
,[[0,0,0,1,0,0,0,2,0],[0,0,1,1,0,0,0,2,0]]
,[[0,0,0,0,1,0,2,0,0],[0,0,0,1,1,0,2,0,0]]
difficulty: [3,3,3,3,3,2.5,2.5,5,5,5,1.17,2.33,2.33,3.5,3.5]
scores: [10,10,10,10,10,10,10,-10,10,10,10,10,0,-10,-10]
time: [1.4,0.2,0.6,5.6,2,3.6,3,7,1.4,1.6,5.8,3.2,0.4,0.6,0.6]
