[594,3206,3206,979,979,530,979,1443,3206,594,3206,3206,1443,1506,3206,979,531,979,1506,1506,3206,3206,594,531,530,1443,594,530,531,979,594,531,1443,3206,531,531,3206,3206,1506,530,594,979,531,1506,531,1506,530,1506,1506,3206,979,1506,594,979,979,531,594,1443,979,1506,3206,594,1506,1443,1506,594,979,979,1506,979,3206,979,531,1443,594,530,3206,594,979,1506,979,530,530,979,3206,531,1506,1506,1443,530,3206,3206,1443,979,979,530,1443,594,1506,531]
[326,325,325,517,517,198,517,133,325,326,325,325,133,327,325,517,391,517,327,327,325,325,326,391,198,133,326,198,391,517,326,391,133,325,391,391,325,325,327,198,326,517,391,327,391,327,198,327,327,325,517,327,326,517,517,391,326,133,517,327,325,326,327,133,327,326,517,517,327,517,325,517,391,133,326,198,325,326,517,327,517,198,198,517,325,391,327,327,133,198,325,325,133,517,517,198,133,326,327,198]
[96,138,138,96,96,138,96,169,138,96,138,138,169,90,138,96,85,96,90,90,138,138,96,85,138,169,96,138,85,96,96,85,169,138,85,85,138,138,90,138,96,96,85,90,85,90,138,90,90,138,96,90,96,96,96,85,96,169,96,90,138,96,90,169,90,96,96,96,90,96,138,96,85,169,96,138,138,96,96,90,96,138,138,96,138,85,90,90,169,138,138,138,169,96,96,138,169,96,90,139]
[1443,1443,531,1443,979,1443,3206,530,594,594,594,530,530,979,1506,594,979,1506,1506,530,531,594,531,3206,979,594,594,594,531,979,530,3206,530,1506,530,3206,594,1506,1443,1506,3206,3206,979,531,979,594,530,3206,3206,979,594,594,3206,3206,1443,3206,3206,3206,531,979,1506,594,3206,979,1443,531,979,1506,1506,979,594,1506,3206,979,594,531,530,1443,979,530,1506,1443,531,1443,3206,1506,979,3206,594,3206,594,979,979,530,3206,594,979,1506,979,531]
[133,133,391,133,517,133,325,198,326,326,326,198,198,517,327,326,517,327,327,198,391,326,391,325,517,326,326,326,391,517,198,325,198,327,198,325,326,327,133,327,325,325,517,391,517,326,198,325,325,517,326,326,325,325,133,325,325,325,391,517,327,326,325,517,133,391,517,327,327,517,326,327,325,517,326,391,198,133,517,198,327,133,391,133,325,327,517,325,326,325,326,517,517,198,325,326,517,327,517,198]
[169,169,85,169,96,169,138,138,96,96,96,138,138,96,90,96,96,90,90,138,85,96,85,138,96,96,96,96,85,96,138,138,138,90,138,138,96,90,169,90,138,138,96,85,96,96,138,138,138,96,96,96,138,138,169,138,138,138,85,96,90,96,138,96,169,85,96,90,90,96,96,90,138,96,96,85,138,169,96,138,90,169,85,169,138,90,96,138,96,138,96,96,96,138,138,96,96,90,96,139]
[3206,1506,594,1506,3206,531,1506,979,530,531,1443,979,1506,594,1443,1443,979,979,1443,3206,594,979,1506,979,530,1443,594,594,530,594,3206,594,1506,979,3206,594,979,1443,979,594,594,979,530,3206,1506,530,531,979,1443,531,3206,594,594,1443,1443,530,1506,1506,530,594,1443,979,531,530,979,531,1506,1506,979,979,1443,530,3206,979,1506,1443,1506,594,979,531,1506,1443,530,1443,979,530,530,594,594,531,530,530,530,530,3206,594,531,1506,979,980]
[325,327,326,327,325,391,327,517,198,391,133,517,327,326,133,133,517,517,133,325,326,517,327,517,198,133,326,326,198,326,325,326,327,517,325,326,517,133,517,326,326,517,198,325,327,198,391,517,133,391,325,326,326,133,133,198,327,327,198,326,133,517,391,198,517,391,327,327,517,517,133,198,325,517,327,133,327,326,517,391,327,133,198,133,517,198,198,326,326,391,198,198,198,198,325,326,391,327,517,517]
[138,90,96,90,138,85,90,96,138,85,169,96,90,96,169,169,96,96,169,138,96,96,90,96,138,169,96,96,138,96,138,96,90,96,138,96,96,169,96,96,96,96,138,138,90,138,85,96,169,85,138,96,96,169,169,138,90,90,138,96,169,96,85,138,96,85,90,90,96,96,169,138,138,96,90,169,90,96,96,85,90,169,138,169,96,138,138,96,96,85,138,138,138,138,138,96,85,90,96,97]
[1506,530,1443,1443,531,3206,531,530,531,530,979,1506,1506,1443,531,3206,1443,530,594,979,594,979,530,531,1443,594,3206,1506,979,1506,3206,530,979,530,530,1443,594,1443,531,531,531,1506,530,3206,979,1506,530,1506,1443,531,979,3206,531,530,531,3206,1443,531,530,530,530,531,1443,3206,1506,3206,3206,594,3206,594,531,594,594,1506,1443,594,594,3206,979,594,531,594,594,530,1443,531,3206,1443,530,979,594,594,531,979,531,1443,531,531,979,3207]
[327,198,133,133,391,325,391,198,391,198,517,327,327,133,391,325,133,198,326,517,326,517,198,391,133,326,325,327,517,327,325,198,517,198,198,133,326,133,391,391,391,327,198,325,517,327,198,327,133,391,517,325,391,198,391,325,133,391,198,198,198,391,133,325,327,325,325,326,325,326,391,326,326,327,133,326,326,325,517,326,391,326,326,198,133,391,325,133,198,517,326,326,391,517,391,133,391,391,517,325]
[90,138,169,169,85,138,85,138,85,138,96,90,90,169,85,138,169,138,96,96,96,96,138,85,169,96,138,90,96,90,138,138,96,138,138,169,96,169,85,85,85,90,138,138,96,90,138,90,169,85,96,138,85,138,85,138,169,85,138,138,138,85,169,138,90,138,138,96,138,96,85,96,96,90,169,96,96,138,96,96,85,96,96,138,169,85,138,169,138,96,96,96,85,96,85,169,85,85,96,139]
[531,3206,531,3206,531,594,530,531,530,594,3206,530,531,979,530,1506,979,979,530,594,594,1506,530,531,1506,530,3206,1443,1443,531,3206,530,3206,1443,1443,1506,979,594,1443,3206,979,530,1443,531,530,594,3206,3206,530,530,1506,594,3206,594,531,531,1506,3206,594,3206,531,594,531,979,1443,979,979,979,1506,3206,3206,1443,979,3206,1443,979,1443,979,1506,3206,1443,1443,531,3206,3206,1443,3206,1506,3206,530,979,594,3206,1443,979,531,530,1443,979,3207]
[391,325,391,325,391,326,198,391,198,326,325,198,391,517,198,327,517,517,198,326,326,327,198,391,327,198,325,133,133,391,325,198,325,133,133,327,517,326,133,325,517,198,133,391,198,326,325,325,198,198,327,326,325,326,391,391,327,325,326,325,391,326,391,517,133,517,517,517,327,325,325,133,517,325,133,517,133,517,327,325,133,133,391,325,325,133,325,327,325,198,517,326,325,133,517,391,198,133,517,325]
[85,138,85,138,85,96,138,85,138,96,138,138,85,96,138,90,96,96,138,96,96,90,138,85,90,138,138,169,169,85,138,138,138,169,169,90,96,96,169,138,96,138,169,85,138,96,138,138,138,138,90,96,138,96,85,85,90,138,96,138,85,96,85,96,169,96,96,96,90,138,138,169,96,138,169,96,169,96,90,138,169,169,85,138,138,169,138,90,138,138,96,96,138,169,96,85,138,169,96,139]
[979,530,979,530,1506,594,1443,979,1443,1443,1443,979,3206,3206,1443,530,979,530,1443,1443,3206,3206,531,530,979,531,979,1443,530,594,1443,1443,531,594,530,3206,594,1443,979,1506,594,530,1443,1506,1443,594,979,531,1506,530,594,3206,1506,530,979,3206,530,530,531,594,1443,594,531,594,1443,530,1506,594,979,979,1506,530,594,979,979,530,3206,531,1506,594,594,594,979,530,530,531,531,979,530,3206,531,3206,594,1443,1506,979,530,1443,1443,980]
[517,198,517,198,327,326,133,517,133,133,133,517,325,325,133,198,517,198,133,133,325,325,391,198,517,391,517,133,198,326,133,133,391,326,198,325,326,133,517,327,326,198,133,327,133,326,517,391,327,198,326,325,327,198,517,325,198,198,391,326,133,326,391,326,133,198,327,326,517,517,327,198,326,517,517,198,325,391,327,326,326,326,517,198,198,391,391,517,198,325,391,325,326,133,327,517,198,133,133,517]
[96,138,96,138,90,96,169,96,169,169,169,96,138,138,169,138,96,138,169,169,138,138,85,138,96,85,96,169,138,96,169,169,85,96,138,138,96,169,96,90,96,138,169,90,169,96,96,85,90,138,96,138,90,138,96,138,138,138,85,96,169,96,85,96,169,138,90,96,96,96,90,138,96,96,96,138,138,85,90,96,96,96,96,138,138,85,85,96,138,138,85,138,96,169,90,96,138,169,169,97]
[3206,1506,3206,3206,979,530,594,594,1443,3206,530,1443,1506,594,1506,530,979,1506,531,594,1443,531,594,530,3206,1443,979,979,3206,531,979,1443,531,979,594,1443,979,530,530,594,530,531,1506,979,1443,594,594,530,1443,3206,530,530,530,979,979,3206,594,531,3206,530,1443,979,3206,1443,531,3206,530,3206,1443,1506,979,531,979,1443,530,1443,3206,594,3206,979,1506,1443,3206,1506,594,1506,3206,531,1443,979,3206,3206,979,531,594,531,530,979,531,980]
[325,327,325,325,517,198,326,326,133,325,198,133,327,326,327,198,517,327,391,326,133,391,326,198,325,133,517,517,325,391,517,133,391,517,326,133,517,198,198,326,198,391,327,517,133,326,326,198,133,325,198,198,198,517,517,325,326,391,325,198,133,517,325,133,391,325,198,325,133,327,517,391,517,133,198,133,325,326,325,517,327,133,325,327,326,327,325,391,133,517,325,325,517,391,326,391,198,517,391,517]
[138,90,138,138,96,138,96,96,169,138,138,169,90,96,90,138,96,90,85,96,169,85,96,138,138,169,96,96,138,85,96,169,85,96,96,169,96,138,138,96,138,85,90,96,169,96,96,138,169,138,138,138,138,96,96,138,96,85,138,138,169,96,138,169,85,138,138,138,169,90,96,85,96,169,138,169,138,96,138,96,90,169,138,90,96,90,138,85,169,96,138,138,96,85,96,85,138,96,85,97]
[530,3206,594,594,3206,979,531,531,594,1443,3206,1506,1443,531,531,1443,530,979,979,979,1506,1443,979,594,594,530,979,1443,3206,3206,530,531,1443,3206,531,979,530,1443,1506,594,594,979,531,531,1506,594,3206,3206,594,979,1443,3206,1506,530,530,1506,1506,979,979,3206,3206,979,1506,1506,1506,979,1506,1443,530,531,594,1506,3206,531,531,594,530,1506,1443,530,594,1443,3206,594,594,1506,979,531,979,1506,1443,979,530,1443,531,1506,1506,594,3206,1444]
[198,325,326,326,325,517,391,391,326,133,325,327,133,391,391,133,198,517,517,517,327,133,517,326,326,198,517,133,325,325,198,391,133,325,391,517,198,133,327,326,326,517,391,391,327,326,325,325,326,517,133,325,327,198,198,327,327,517,517,325,325,517,327,327,327,517,327,133,198,391,326,327,325,391,391,326,198,327,133,198,326,133,325,326,326,327,517,391,517,327,133,517,198,133,391,327,327,326,325,133]
[138,138,96,96,138,96,85,85,96,169,138,90,169,85,85,169,138,96,96,96,90,169,96,96,96,138,96,169,138,138,138,85,169,138,85,96,138,169,90,96,96,96,85,85,90,96,138,138,96,96,169,138,90,138,138,90,90,96,96,138,138,96,90,90,90,96,90,169,138,85,96,90,138,85,85,96,138,90,169,138,96,169,138,96,96,90,96,85,96,90,169,96,138,169,85,90,90,96,138,170]
[3206,531,531,530,1443,979,979,530,979,1506,979,979,530,530,1506,1506,1443,531,530,979,979,979,1443,594,530,3206,979,531,530,1443,3206,1506,530,594,3206,979,594,530,531,1443,1443,1443,531,1506,1506,979,3206,979,3206,3206,594,531,979,1443,1506,594,531,531,3206,1443,979,594,531,531,1506,1443,530,531,3206,530,530,3206,979,531,531,531,594,594,1506,594,530,1443,531,530,531,530,979,594,1506,530,1506,3206,1506,531,1506,1443,979,531,531,595]
[325,391,391,198,133,517,517,198,517,327,517,517,198,198,327,327,133,391,198,517,517,517,133,326,198,325,517,391,198,133,325,327,198,326,325,517,326,198,391,133,133,133,391,327,327,517,325,517,325,325,326,391,517,133,327,326,391,391,325,133,517,326,391,391,327,133,198,391,325,198,198,325,517,391,391,391,326,326,327,326,198,133,391,198,391,198,517,326,327,198,327,325,327,391,327,133,517,391,391,326]
[138,85,85,138,169,96,96,138,96,90,96,96,138,138,90,90,169,85,138,96,96,96,169,96,138,138,96,85,138,169,138,90,138,96,138,96,96,138,85,169,169,169,85,90,90,96,138,96,138,138,96,85,96,169,90,96,85,85,138,169,96,96,85,85,90,169,138,85,138,138,138,138,96,85,85,85,96,96,90,96,138,169,85,138,85,138,96,96,90,138,90,138,90,85,90,169,96,85,85,97]
[979,1506,531,1506,530,531,979,3206,1443,979,530,594,1506,1443,531,3206,530,594,3206,979,3206,530,530,1506,1506,530,531,1443,1443,3206,1506,3206,1506,530,594,531,531,594,530,594,594,531,594,979,531,1443,1443,530,531,979,531,1506,979,594,1443,530,530,979,530,3206,594,594,979,531,1443,531,594,531,1506,531,3206,530,594,1443,979,979,1443,979,979,1443,530,531,1443,531,530,594,530,594,979,1506,1443,979,530,1443,979,1506,594,531,3206,3207]
[517,327,391,327,198,391,517,325,133,517,198,326,327,133,391,325,198,326,325,517,325,198,198,327,327,198,391,133,133,325,327,325,327,198,326,391,391,326,198,326,326,391,326,517,391,133,133,198,391,517,391,327,517,326,133,198,198,517,198,325,326,326,517,391,133,391,326,391,327,391,325,198,326,133,517,517,133,517,517,133,198,391,133,391,198,326,198,326,517,327,133,517,198,133,517,327,326,391,325,325]
[96,90,85,90,138,85,96,138,169,96,138,96,90,169,85,138,138,96,138,96,138,138,138,90,90,138,85,169,169,138,90,138,90,138,96,85,85,96,138,96,96,85,96,96,85,169,169,138,85,96,85,90,96,96,169,138,138,96,138,138,96,96,96,85,169,85,96,85,90,85,138,138,96,169,96,96,169,96,96,169,138,85,169,85,138,96,138,96,96,90,169,96,138,169,96,90,96,85,138,139]
[530,531,530,530,594,3206,979,531,531,1506,594,3206,3206,1506,1443,594,1443,1506,3206,1506,531,3206,1506,530,1506,3206,979,531,531,530,594,531,3206,1506,1443,3206,3206,531,3206,530,531,594,531,1443,531,530,3206,3206,1506,3206,594,979,530,531,1506,979,594,979,594,3206,531,979,594,1443,531,3206,530,1443,1506,530,1443,530,530,1443,531,530,594,1506,531,594,1506,531,1443,531,531,531,979,1506,530,3206,594,3206,531,979,1443,530,531,530,531,980]
[198,391,198,198,326,325,517,391,391,327,326,325,325,327,133,326,133,327,325,327,391,325,327,198,327,325,517,391,391,198,326,391,325,327,133,325,325,391,325,198,391,326,391,133,391,198,325,325,327,325,326,517,198,391,327,517,326,517,326,325,391,517,326,133,391,325,198,133,327,198,133,198,198,133,391,198,326,327,391,326,327,391,133,391,391,391,517,327,198,325,326,325,391,517,133,198,391,198,391,517]
[138,85,138,138,96,138,96,85,85,90,96,138,138,90,169,96,169,90,138,90,85,138,90,138,90,138,96,85,85,138,96,85,138,90,169,138,138,85,138,138,85,96,85,169,85,138,138,138,90,138,96,96,138,85,90,96,96,96,96,138,85,96,96,169,85,138,138,169,90,138,169,138,138,169,85,138,96,90,85,96,90,85,169,85,85,85,96,90,138,138,96,138,85,96,169,138,85,138,85,97]
[979,1443,594,594,1506,594,594,594,531,1506,3206,3206,530,531,531,1506,979,531,1443,594,1443,1443,979,3206,1443,1443,531,531,531,1443,531,530,594,979,594,594,531,1506,531,530,594,1506,530,594,530,979,531,979,3206,979,3206,979,530,979,530,979,531,594,530,594,530,979,594,1443,1443,1443,979,594,979,531,530,594,979,531,594,1506,531,1443,979,3206,979,3206,1443,594,3206,531,3206,530,531,530,1506,3206,594,3206,979,1506,1443,594,1443,1444]
[517,133,326,326,327,326,326,326,391,327,325,325,198,391,391,327,517,391,133,326,133,133,517,325,133,133,391,391,391,133,391,198,326,517,326,326,391,327,391,198,326,327,198,326,198,517,391,517,325,517,325,517,198,517,198,517,391,326,198,326,198,517,326,133,133,133,517,326,517,391,198,326,517,391,326,327,391,133,517,325,517,325,133,326,325,391,325,198,391,198,327,325,326,325,517,327,133,326,133,133]
[96,169,96,96,90,96,96,96,85,90,138,138,138,85,85,90,96,85,169,96,169,169,96,138,169,169,85,85,85,169,85,138,96,96,96,96,85,90,85,138,96,90,138,96,138,96,85,96,138,96,138,96,138,96,138,96,85,96,138,96,138,96,96,169,169,169,96,96,96,85,138,96,96,85,96,90,85,169,96,138,96,138,169,96,138,85,138,138,85,138,90,138,96,138,96,90,169,96,169,170]
[530,1443,530,1506,979,3206,1506,1506,3206,979,3206,979,531,3206,594,594,979,1443,594,1506,3206,594,530,531,594,1443,531,594,979,1443,979,531,530,531,531,530,1443,531,530,1506,979,1443,531,530,1443,1443,1443,3206,979,1506,979,1443,979,3206,594,1443,1506,1506,1506,3206,531,1506,3206,979,1506,531,530,979,594,979,531,594,1506,1506,979,1506,531,531,1506,531,979,531,594,1443,979,594,979,979,1443,530,3206,1443,979,1443,3206,3206,1443,594,531,3207]
[198,133,198,327,517,325,327,327,325,517,325,517,391,325,326,326,517,133,326,327,325,326,198,391,326,133,391,326,517,133,517,391,198,391,391,198,133,391,198,327,517,133,391,198,133,133,133,325,517,327,517,133,517,325,326,133,327,327,327,325,391,327,325,517,327,391,198,517,326,517,391,326,327,327,517,327,391,391,327,391,517,391,326,133,517,326,517,517,133,198,325,133,517,133,325,325,133,326,391,325]
[138,169,138,90,96,138,90,90,138,96,138,96,85,138,96,96,96,169,96,90,138,96,138,85,96,169,85,96,96,169,96,85,138,85,85,138,169,85,138,90,96,169,85,138,169,169,169,138,96,90,96,169,96,138,96,169,90,90,90,138,85,90,138,96,90,85,138,96,96,96,85,96,90,90,96,90,85,85,90,85,96,85,96,169,96,96,96,96,169,138,138,169,96,169,138,138,169,96,85,139]
[3206,594,1506,530,1506,3206,531,531,3206,531,979,1443,979,531,531,1506,531,1506,530,594,979,531,979,979,3206,1443,1506,530,530,1443,530,530,530,3206,530,1506,1443,1443,979,594,594,979,531,530,979,1443,3206,979,3206,3206,530,3206,1506,594,530,3206,1443,979,531,1443,530,531,530,531,1506,979,531,594,594,3206,979,531,3206,3206,594,594,594,3206,531,3206,594,3206,1443,1443,1506,594,530,530,530,3206,3206,979,1506,594,979,1506,979,531,1443,980]
[325,326,327,198,327,325,391,391,325,391,517,133,517,391,391,327,391,327,198,326,517,391,517,517,325,133,327,198,198,133,198,198,198,325,198,327,133,133,517,326,326,517,391,198,517,133,325,517,325,325,198,325,327,326,198,325,133,517,391,133,198,391,198,391,327,517,391,326,326,325,517,391,325,325,326,326,326,325,391,325,326,325,133,133,327,326,198,198,198,325,325,517,327,326,517,327,517,391,133,517]
[138,96,90,138,90,138,85,85,138,85,96,169,96,85,85,90,85,90,138,96,96,85,96,96,138,169,90,138,138,169,138,138,138,138,138,90,169,169,96,96,96,96,85,138,96,169,138,96,138,138,138,138,90,96,138,138,169,96,85,169,138,85,138,85,90,96,85,96,96,138,96,85,138,138,96,96,96,138,85,138,96,138,169,169,90,96,138,138,138,138,138,96,90,96,96,90,96,85,169,97]
[1443,979,1443,1506,530,1443,979,1443,531,1506,531,3206,594,1443,979,531,1506,531,1506,530,3206,3206,979,979,3206,1506,531,531,1443,3206,594,979,1443,1506,530,594,531,3206,1443,531,1443,1506,1443,979,531,530,3206,3206,1443,1506,3206,531,531,594,1443,531,531,1443,531,1443,531,530,594,979,531,594,1443,3206,1443,594,1506,979,1506,979,531,530,531,1506,531,1443,1443,979,1443,1443,594,1443,3206,3206,530,531,3206,979,1506,1443,3206,530,594,1506,3206,980]
[133,517,133,327,198,133,517,133,391,327,391,325,326,133,517,391,327,391,327,198,325,325,517,517,325,327,391,391,133,325,326,517,133,327,198,326,391,325,133,391,133,327,133,517,391,198,325,325,133,327,325,391,391,326,133,391,391,133,391,133,391,198,326,517,391,326,133,325,133,326,327,517,327,517,391,198,391,327,391,133,133,517,133,133,326,133,325,325,198,391,325,517,327,133,325,198,326,327,325,517]
[169,96,169,90,138,169,96,169,85,90,85,138,96,169,96,85,90,85,90,138,138,138,96,96,138,90,85,85,169,138,96,96,169,90,138,96,85,138,169,85,169,90,169,96,85,138,138,138,169,90,138,85,85,96,169,85,85,169,85,169,85,138,96,96,85,96,169,138,169,96,90,96,90,96,85,138,85,90,85,169,169,96,169,169,96,169,138,138,138,85,138,96,90,169,138,138,96,90,138,97]
[1506,530,531,3206,3206,531,531,530,1506,979,3206,979,1506,594,530,1506,594,979,531,3206,530,979,1506,3206,531,531,594,530,530,3206,531,1443,1506,531,1443,530,594,594,1506,1443,531,530,1443,1506,1506,1506,530,1506,1506,979,3206,531,530,1506,979,530,594,530,531,531,1506,3206,531,3206,3206,531,594,531,3206,531,979,1443,1506,594,594,1443,531,530,3206,979,3206,530,979,1443,1443,3206,979,1506,530,1443,531,530,594,1443,3206,979,594,531,531,595]
[327,198,391,325,325,391,391,198,327,517,325,517,327,326,198,327,326,517,391,325,198,517,327,325,391,391,326,198,198,325,391,133,327,391,133,198,326,326,327,133,391,198,133,327,327,327,198,327,327,517,325,391,198,327,517,198,326,198,391,391,327,325,391,325,325,391,326,391,325,391,517,133,327,326,326,133,391,198,325,517,325,198,517,133,133,325,517,327,198,133,391,198,326,133,325,517,326,391,391,326]
[90,138,85,138,138,85,85,138,90,96,138,96,90,96,138,90,96,96,85,138,138,96,90,138,85,85,96,138,138,138,85,169,90,85,169,138,96,96,90,169,85,138,169,90,90,90,138,90,90,96,138,85,138,90,96,138,96,138,85,85,90,138,85,138,138,85,96,85,138,85,96,169,90,96,96,169,85,138,138,96,138,138,96,169,169,138,96,90,138,169,85,138,96,169,138,96,96,85,85,97]
[1443,1506,3206,1443,1506,1443,530,979,979,1506,979,530,979,1443,594,979,1443,594,531,594,530,530,594,1443,1506,1443,531,1506,594,1506,1506,531,530,3206,979,1443,530,594,3206,1443,1506,979,594,979,1506,531,1443,531,530,1506,1506,979,3206,594,3206,594,594,979,3206,1443,594,1506,530,1506,3206,531,979,594,594,1506,530,1443,979,594,530,1506,3206,1443,530,1443,1506,530,530,3206,1506,530,531,531,594,1506,979,1443,531,3206,530,1506,3206,1506,3206,3207]
[133,327,325,133,327,133,198,517,517,327,517,198,517,133,326,517,133,326,391,326,198,198,326,133,327,133,391,327,326,327,327,391,198,325,517,133,198,326,325,133,327,517,326,517,327,391,133,391,198,327,327,517,325,326,325,326,326,517,325,133,326,327,198,327,325,391,517,326,326,327,198,133,517,326,198,327,325,133,198,133,327,198,198,325,327,198,391,391,326,327,517,133,391,325,198,327,325,327,325,325]
[169,90,138,169,90,169,138,96,96,90,96,138,96,169,96,96,169,96,85,96,138,138,96,169,90,169,85,90,96,90,90,85,138,138,96,169,138,96,138,169,90,96,96,96,90,85,169,85,138,90,90,96,138,96,138,96,96,96,138,169,96,90,138,90,138,85,96,96,96,90,138,169,96,96,138,90,138,169,138,169,90,138,138,138,90,138,85,85,96,90,96,169,85,138,138,90,138,90,138,139]
[531,531,530,1506,594,1443,594,530,531,979,530,530,1443,530,531,1443,1506,530,530,530,531,530,531,530,1506,979,530,530,1506,530,594,531,3206,1506,1506,531,3206,3206,530,531,530,979,1506,1506,1443,979,979,979,594,1443,594,1506,531,979,530,594,979,979,594,530,3206,594,594,594,530,594,530,1506,594,1443,530,3206,1506,594,3206,1506,594,531,530,979,1443,531,979,594,531,1506,594,531,531,594,1506,530,530,1506,1506,594,1443,530,3206,1444]
[391,391,198,327,326,133,326,198,391,517,198,198,133,198,391,133,327,198,198,198,391,198,391,198,327,517,198,198,327,198,326,391,325,327,327,391,325,325,198,391,198,517,327,327,133,517,517,517,326,133,326,327,391,517,198,326,517,517,326,198,325,326,326,326,198,326,198,327,326,133,198,325,327,326,325,327,326,391,198,517,133,391,517,326,391,327,326,391,391,326,327,198,198,327,327,326,133,198,325,133]
[85,85,138,90,96,169,96,138,85,96,138,138,169,138,85,169,90,138,138,138,85,138,85,138,90,96,138,138,90,138,96,85,138,90,90,85,138,138,138,85,138,96,90,90,169,96,96,96,96,169,96,90,85,96,138,96,96,96,96,138,138,96,96,96,138,96,138,90,96,169,138,138,90,96,138,90,96,85,138,96,169,85,96,96,85,90,96,85,85,96,90,138,138,90,90,96,169,138,138,170]
[531,1506,530,3206,530,531,594,530,1506,1443,979,1443,531,1506,1506,594,530,531,530,1443,1506,594,3206,1506,530,594,1443,1506,530,530,530,3206,979,594,1443,594,530,530,1443,1506,3206,594,531,1443,530,530,1506,530,3206,1506,979,530,531,531,3206,1506,594,3206,979,594,1443,594,530,530,1506,979,3206,3206,594,1443,1506,1443,3206,1506,530,3206,594,531,531,594,530,530,594,1443,531,3206,1506,530,530,1443,594,530,1506,530,979,530,3206,979,531,1507]
[391,327,198,325,198,391,326,198,327,133,517,133,391,327,327,326,198,391,198,133,327,326,325,327,198,326,133,327,198,198,198,325,517,326,133,326,198,198,133,327,325,326,391,133,198,198,327,198,325,327,517,198,391,391,325,327,326,325,517,326,133,326,198,198,327,517,325,325,326,133,327,133,325,327,198,325,326,391,391,326,198,198,326,133,391,325,327,198,198,133,326,198,327,198,517,198,325,517,391,327]
[85,90,138,138,138,85,96,138,90,169,96,169,85,90,90,96,138,85,138,169,90,96,138,90,138,96,169,90,138,138,138,138,96,96,169,96,138,138,169,90,138,96,85,169,138,138,90,138,138,90,96,138,85,85,138,90,96,138,96,96,169,96,138,138,90,96,138,138,96,169,90,169,138,90,138,138,96,85,85,96,138,138,96,169,85,138,90,138,138,169,96,138,90,138,96,138,138,96,85,91]
[979,979,1443,1506,1506,1506,979,979,1506,530,1443,530,979,1443,594,3206,979,531,1506,3206,3206,530,594,3206,979,979,3206,3206,531,3206,979,594,979,979,1443,530,531,3206,530,530,1443,531,979,979,530,594,3206,531,594,3206,3206,1506,3206,979,1506,3206,3206,1506,3206,1443,1506,531,1506,531,531,531,531,594,1443,531,530,979,979,1506,1443,979,3206,594,594,1506,3206,1443,530,3206,530,531,531,531,594,530,531,530,594,594,1506,3206,1443,594,531,1444]
[517,517,133,327,327,327,517,517,327,198,133,198,517,133,326,325,517,391,327,325,325,198,326,325,517,517,325,325,391,325,517,326,517,517,133,198,391,325,198,198,133,391,517,517,198,326,325,391,326,325,325,327,325,517,327,325,325,327,325,133,327,391,327,391,391,391,391,326,133,391,198,517,517,327,133,517,325,326,326,327,325,133,198,325,198,391,391,391,326,198,391,198,326,326,327,325,133,326,391,133]
[96,96,169,90,90,90,96,96,90,138,169,138,96,169,96,138,96,85,90,138,138,138,96,138,96,96,138,138,85,138,96,96,96,96,169,138,85,138,138,138,169,85,96,96,138,96,138,85,96,138,138,90,138,96,90,138,138,90,138,169,90,85,90,85,85,85,85,96,169,85,138,96,96,90,169,96,138,96,96,90,138,169,138,138,138,85,85,85,96,138,85,138,96,96,90,138,169,96,85,170]
[979,3206,3206,1506,531,3206,3206,594,530,1506,979,594,531,1443,979,1506,1506,3206,531,979,1443,1443,594,3206,530,594,1443,530,594,1443,979,979,1443,531,531,1506,594,1443,594,530,1443,979,3206,3206,531,1506,979,1506,530,1443,530,1443,1443,1443,530,979,979,531,1506,531,594,3206,594,3206,3206,979,531,531,3206,594,531,530,531,530,1506,531,530,3206,979,531,531,594,530,1443,3206,1443,979,3206,1443,3206,594,979,531,531,531,531,1443,979,3206,532]
[517,325,325,327,391,325,325,326,198,327,517,326,391,133,517,327,327,325,391,517,133,133,326,325,198,326,133,198,326,133,517,517,133,391,391,327,326,133,326,198,133,517,325,325,391,327,517,327,198,133,198,133,133,133,198,517,517,391,327,391,326,325,326,325,325,517,391,391,325,326,391,198,391,198,327,391,198,325,517,391,391,326,198,133,325,133,517,325,133,325,326,517,391,391,391,391,133,517,325,391]
[96,138,138,90,85,138,138,96,138,90,96,96,85,169,96,90,90,138,85,96,169,169,96,138,138,96,169,138,96,169,96,96,169,85,85,90,96,169,96,138,169,96,138,138,85,90,96,90,138,169,138,169,169,169,138,96,96,85,90,85,96,138,96,138,138,96,85,85,138,96,85,138,85,138,90,85,138,138,96,85,85,96,138,169,138,169,96,138,169,138,96,96,85,85,85,85,169,96,138,86]
[979,530,531,1443,530,531,1443,594,594,3206,531,594,1443,979,3206,1443,1443,530,530,530,530,531,594,530,1443,979,530,3206,530,3206,1506,594,1443,1443,594,979,594,3206,531,530,530,1506,979,1506,594,3206,530,979,530,1506,530,1506,594,531,3206,594,531,531,531,3206,1443,530,1506,1443,1443,530,530,3206,530,531,1506,530,1506,1506,531,530,530,979,530,3206,1506,531,594,530,979,3206,1443,594,979,1443,3206,530,530,1443,1443,3206,1506,531,1506,532]
[517,198,391,133,198,391,133,326,326,325,391,326,133,517,325,133,133,198,198,198,198,391,326,198,133,517,198,325,198,325,327,326,133,133,326,517,326,325,391,198,198,327,517,327,326,325,198,517,198,327,198,327,326,391,325,326,391,391,391,325,133,198,327,133,133,198,198,325,198,391,327,198,327,327,391,198,198,517,198,325,327,391,326,198,517,325,133,326,517,133,325,198,198,133,133,325,327,391,327,391]
[96,138,85,169,138,85,169,96,96,138,85,96,169,96,138,169,169,138,138,138,138,85,96,138,169,96,138,138,138,138,90,96,169,169,96,96,96,138,85,138,138,90,96,90,96,138,138,96,138,90,138,90,96,85,138,96,85,85,85,138,169,138,90,169,169,138,138,138,138,85,90,138,90,90,85,138,138,96,138,138,90,85,96,138,96,138,169,96,96,169,138,138,138,169,169,138,90,85,90,86]
[530,594,530,3206,594,1506,530,979,1443,594,531,1506,530,594,979,979,979,1506,979,979,1443,530,979,1443,3206,1506,1443,594,530,1506,979,1506,1506,530,1506,979,1506,594,1443,1506,1443,3206,594,594,1443,3206,3206,530,1443,979,979,594,594,1506,530,979,1443,594,979,594,979,3206,531,3206,530,979,3206,979,530,531,531,594,1443,3206,1506,1506,531,1506,1506,3206,979,1443,530,3206,530,594,531,3206,979,979,594,1506,1443,531,530,1443,1506,979,1506,595]
[198,326,198,325,326,327,198,517,133,326,391,327,198,326,517,517,517,327,517,517,133,198,517,133,325,327,133,326,198,327,517,327,327,198,327,517,327,326,133,327,133,325,326,326,133,325,325,198,133,517,517,326,326,327,198,517,133,326,517,326,517,325,391,325,198,517,325,517,198,391,391,326,133,325,327,327,391,327,327,325,517,133,198,325,198,326,391,325,517,517,326,327,133,391,198,133,327,517,327,326]
[138,96,138,138,96,90,138,96,169,96,85,90,138,96,96,96,96,90,96,96,169,138,96,169,138,90,169,96,138,90,96,90,90,138,90,96,90,96,169,90,169,138,96,96,169,138,138,138,169,96,96,96,96,90,138,96,169,96,96,96,96,138,85,138,138,96,138,96,138,85,85,96,169,138,90,90,85,90,90,138,96,169,138,138,138,96,85,138,96,96,96,90,169,85,138,169,90,96,90,97]
[3206,531,1506,1443,3206,531,531,1506,531,530,594,1506,531,3206,1506,3206,1443,3206,530,531,530,531,531,531,594,594,1506,594,530,530,1506,531,3206,530,1443,3206,979,1506,531,594,531,530,1443,594,3206,1443,3206,530,594,3206,531,1443,3206,594,1443,1443,1506,531,979,530,979,3206,3206,594,531,979,979,979,3206,1506,1506,1506,1443,594,1506,1443,1506,3206,594,1506,979,530,531,1443,531,979,1443,530,979,1443,1443,979,530,1443,531,3206,1506,531,594,1444]
[325,391,327,133,325,391,391,327,391,198,326,327,391,325,327,325,133,325,198,391,198,391,391,391,326,326,327,326,198,198,327,391,325,198,133,325,517,327,391,326,391,198,133,326,325,133,325,198,326,325,391,133,325,326,133,133,327,391,517,198,517,325,325,326,391,517,517,517,325,327,327,327,133,326,327,133,327,325,326,327,517,198,391,133,391,517,133,198,517,133,133,517,198,133,391,325,327,391,326,133]
[138,85,90,169,138,85,85,90,85,138,96,90,85,138,90,138,169,138,138,85,138,85,85,85,96,96,90,96,138,138,90,85,138,138,169,138,96,90,85,96,85,138,169,96,138,169,138,138,96,138,85,169,138,96,169,169,90,85,96,138,96,138,138,96,85,96,96,96,138,90,90,90,169,96,90,169,90,138,96,90,96,138,85,169,85,96,169,138,96,169,169,96,138,169,85,138,90,85,96,170]
[3206,3206,3206,531,1506,3206,531,530,3206,594,1506,594,979,531,1443,3206,1443,530,979,979,979,3206,530,594,979,530,979,530,594,1506,594,979,1506,979,594,530,1506,979,531,979,531,979,979,594,1506,1506,3206,979,1443,3206,531,3206,531,530,594,594,594,3206,1506,531,3206,594,594,594,1506,1443,594,530,530,531,531,3206,531,1506,594,531,531,1443,3206,594,1506,594,594,979,530,531,594,1443,1443,1443,594,1443,1443,3206,1443,530,1443,594,3206,980]
[325,325,325,391,327,325,391,198,325,326,327,326,517,391,133,325,133,198,517,517,517,325,198,326,517,198,517,198,326,327,326,517,327,517,326,198,327,517,391,517,391,517,517,326,327,327,325,517,133,325,391,325,391,198,326,326,326,325,327,391,325,326,326,326,327,133,326,198,198,391,391,325,391,327,326,391,391,133,325,326,327,326,326,517,198,391,326,133,133,133,326,133,133,325,133,198,133,326,325,517]
[138,138,138,85,90,138,85,138,138,96,90,96,96,85,169,138,169,138,96,96,96,138,138,96,96,138,96,138,96,90,96,96,90,96,96,138,90,96,85,96,85,96,96,96,90,90,138,96,169,138,85,138,85,138,96,96,96,138,90,85,138,96,96,96,90,169,96,138,138,85,85,138,85,90,96,85,85,169,138,96,90,96,96,96,138,85,96,169,169,169,96,169,169,138,169,138,169,96,138,97]
[3206,3206,1443,3206,3206,1506,594,1443,1506,531,1506,979,530,531,979,594,1443,530,531,979,979,531,979,1506,1506,531,530,979,531,1443,979,3206,531,3206,531,979,3206,1506,594,3206,1443,530,531,530,3206,531,531,594,594,979,979,1506,979,1443,594,531,979,530,979,1506,979,1506,1443,3206,1506,594,531,1443,3206,979,979,530,594,594,531,1506,979,1506,1443,3206,594,3206,1506,1443,530,530,1443,1506,531,1506,979,1506,979,979,594,979,531,3206,3206,1507]
[325,325,133,325,325,327,326,133,327,391,327,517,198,391,517,326,133,198,391,517,517,391,517,327,327,391,198,517,391,133,517,325,391,325,391,517,325,327,326,325,133,198,391,198,325,391,391,326,326,517,517,327,517,133,326,391,517,198,517,327,517,327,133,325,327,326,391,133,325,517,517,198,326,326,391,327,517,327,133,325,326,325,327,133,198,198,133,327,391,327,517,327,517,517,326,517,391,325,325,327]
[138,138,169,138,138,90,96,169,90,85,90,96,138,85,96,96,169,138,85,96,96,85,96,90,90,85,138,96,85,169,96,138,85,138,85,96,138,90,96,138,169,138,85,138,138,85,85,96,96,96,96,90,96,169,96,85,96,138,96,90,96,90,169,138,90,96,85,169,138,96,96,138,96,96,85,90,96,90,169,138,96,138,90,169,138,138,169,90,85,90,96,90,96,96,96,96,85,138,138,91]
[594,1443,531,979,979,531,530,1506,1443,594,530,594,979,530,979,979,594,1506,530,531,3206,1506,979,530,1443,1506,1443,594,3206,531,594,3206,979,979,530,3206,1506,3206,979,1506,3206,3206,3206,1443,594,3206,531,530,1506,3206,1506,1506,1443,979,1506,3206,3206,1443,530,1443,530,530,3206,1506,1443,530,1506,1443,979,530,594,531,594,1443,594,594,531,3206,3206,1443,1506,531,1443,1506,979,1443,594,594,1443,979,1443,531,1506,1443,3206,979,530,594,531,980]
[326,133,391,517,517,391,198,327,133,326,198,326,517,198,517,517,326,327,198,391,325,327,517,198,133,327,133,326,325,391,326,325,517,517,198,325,327,325,517,327,325,325,325,133,326,325,391,198,327,325,327,327,133,517,327,325,325,133,198,133,198,198,325,327,133,198,327,133,517,198,326,391,326,133,326,326,391,325,325,133,327,391,133,327,517,133,326,326,133,517,133,391,327,133,325,517,198,326,391,517]
[96,169,85,96,96,85,138,90,169,96,138,96,96,138,96,96,96,90,138,85,138,90,96,138,169,90,169,96,138,85,96,138,96,96,138,138,90,138,96,90,138,138,138,169,96,138,85,138,90,138,90,90,169,96,90,138,138,169,138,169,138,138,138,90,169,138,90,169,96,138,96,85,96,169,96,96,85,138,138,169,90,85,169,90,96,169,96,96,169,96,169,85,90,169,138,96,138,96,85,97]
[531,3206,1506,530,530,594,1443,979,979,531,1506,594,3206,531,530,531,1506,531,1443,3206,530,531,1506,530,531,3206,979,3206,3206,530,530,1506,1443,3206,531,1506,979,1443,1506,594,1443,530,1443,1506,3206,979,979,594,1506,1506,530,531,531,979,1506,3206,594,531,530,1506,531,594,1506,3206,1506,594,530,594,594,530,1506,594,3206,594,979,1506,594,1443,3206,1506,979,1443,3206,594,594,3206,1443,3206,594,1443,594,979,594,3206,3206,530,3206,594,3206,3207]
[391,325,327,198,198,326,133,517,517,391,327,326,325,391,198,391,327,391,133,325,198,391,327,198,391,325,517,325,325,198,198,327,133,325,391,327,517,133,327,326,133,198,133,327,325,517,517,326,327,327,198,391,391,517,327,325,326,391,198,327,391,326,327,325,327,326,198,326,326,198,327,326,325,326,517,327,326,133,325,327,517,133,325,326,326,325,133,325,326,133,326,517,326,325,325,198,325,326,325,325]
[85,138,90,138,138,96,169,96,96,85,90,96,138,85,138,85,90,85,169,138,138,85,90,138,85,138,96,138,138,138,138,90,169,138,85,90,96,169,90,96,169,138,169,90,138,96,96,96,90,90,138,85,85,96,90,138,96,85,138,90,85,96,90,138,90,96,138,96,96,138,90,96,138,96,96,90,96,169,138,90,96,169,138,96,96,138,169,138,96,169,96,96,96,138,138,138,138,96,138,139]
[594,531,1443,3206,979,594,531,531,531,1506,531,594,3206,1443,594,530,530,979,1443,979,979,530,1443,1443,1443,3206,594,1443,3206,1443,3206,3206,979,1506,531,1443,594,531,530,594,1506,3206,530,979,530,1443,3206,530,530,979,3206,530,530,594,1443,530,594,1506,531,594,1443,594,979,979,530,1506,1443,3206,530,530,594,531,594,531,1443,1443,530,531,531,530,1506,594,979,979,979,531,594,1443,1443,1443,1506,530,530,594,3206,594,531,530,530,3207]
[326,391,133,325,517,326,391,391,391,327,391,326,325,133,326,198,198,517,133,517,517,198,133,133,133,325,326,133,325,133,325,325,517,327,391,133,326,391,198,326,327,325,198,517,198,133,325,198,198,517,325,198,198,326,133,198,326,327,391,326,133,326,517,517,198,327,133,325,198,198,326,391,326,391,133,133,198,391,391,198,327,326,517,517,517,391,326,133,133,133,327,198,198,326,325,326,391,198,198,325]
[96,85,169,138,96,96,85,85,85,90,85,96,138,169,96,138,138,96,169,96,96,138,169,169,169,138,96,169,138,169,138,138,96,90,85,169,96,85,138,96,90,138,138,96,138,169,138,138,138,96,138,138,138,96,169,138,96,90,85,96,169,96,96,96,138,90,169,138,138,138,96,85,96,85,169,169,138,85,85,138,90,96,96,96,96,85,96,169,169,169,90,138,138,96,138,96,85,138,138,139]
[530,594,530,531,594,1506,531,531,1443,1443,594,1443,3206,1506,1443,979,3206,594,1506,1443,594,3206,979,531,530,3206,594,530,3206,3206,1506,594,530,530,3206,1443,594,1443,979,1506,1506,979,531,594,979,530,979,530,531,3206,1443,3206,1506,594,3206,979,3206,594,1443,531,979,3206,3206,594,3206,531,1443,1443,1506,530,979,1443,979,1506,3206,3206,530,1506,1443,979,979,1443,1506,979,3206,1443,979,530,1443,3206,1443,531,531,1443,979,979,1506,1443,531,1444]
[198,326,198,391,326,327,391,391,133,133,326,133,325,327,133,517,325,326,327,133,326,325,517,391,198,325,326,198,325,325,327,326,198,198,325,133,326,133,517,327,327,517,391,326,517,198,517,198,391,325,133,325,327,326,325,517,325,326,133,391,517,325,325,326,325,391,133,133,327,198,517,133,517,327,325,325,198,327,133,517,517,133,327,517,325,133,517,198,133,325,133,391,391,133,517,517,327,133,391,133]
[138,96,138,85,96,90,85,85,169,169,96,169,138,90,169,96,138,96,90,169,96,138,96,85,138,138,96,138,138,138,90,96,138,138,138,169,96,169,96,90,90,96,85,96,96,138,96,138,85,138,169,138,90,96,138,96,138,96,169,85,96,138,138,96,138,85,169,169,90,138,96,169,96,90,138,138,138,90,169,96,96,169,90,96,138,169,96,138,169,138,169,85,85,169,96,96,90,169,85,170]
[1506,530,531,531,3206,594,530,1506,3206,1506,979,530,3206,979,1443,594,3206,1506,531,530,1443,1506,531,531,530,531,530,3206,530,530,979,530,1443,530,531,3206,530,594,531,531,530,979,3206,531,3206,3206,594,1506,3206,1443,979,3206,1506,1506,594,530,1506,1443,594,594,530,1506,1443,1506,1506,531,3206,979,594,1506,594,979,594,3206,530,1506,979,3206,530,594,531,1443,979,979,531,979,979,530,1506,530,1506,3206,594,979,1506,1506,594,1506,3206,3207]
[327,198,391,391,325,326,198,327,325,327,517,198,325,517,133,326,325,327,391,198,133,327,391,391,198,391,198,325,198,198,517,198,133,198,391,325,198,326,391,391,198,517,325,391,325,325,326,327,325,133,517,325,327,327,326,198,327,133,326,326,198,327,133,327,327,391,325,517,326,327,326,517,326,325,198,327,517,325,198,326,391,133,517,517,391,517,517,198,327,198,327,325,326,517,327,327,326,327,325,325]
[90,138,85,85,138,96,138,90,138,90,96,138,138,96,169,96,138,90,85,138,169,90,85,85,138,85,138,138,138,138,96,138,169,138,85,138,138,96,85,85,138,96,138,85,138,138,96,90,138,169,96,138,90,90,96,138,90,169,96,96,138,90,169,90,90,85,138,96,96,90,96,96,96,138,138,90,96,138,138,96,85,169,96,96,85,96,96,138,90,138,90,138,96,96,90,90,96,90,138,139]
[1443,3206,979,3206,3206,530,979,1506,3206,594,530,531,979,531,530,3206,531,1506,1506,1443,594,979,1443,594,1443,1443,530,1443,1506,979,1506,979,1443,3206,3206,979,530,530,531,3206,530,979,594,594,3206,594,531,3206,531,3206,3206,1506,1506,1443,1443,979,1443,1443,1506,979,594,530,530,531,1506,594,531,530,979,531,594,3206,979,530,3206,594,3206,3206,594,530,594,530,1506,979,531,530,979,531,594,594,530,1506,594,530,530,530,530,3206,531,1507]
[133,325,517,325,325,198,517,327,325,326,198,391,517,391,198,325,391,327,327,133,326,517,133,326,133,133,198,133,327,517,327,517,133,325,325,517,198,198,391,325,198,517,326,326,325,326,391,325,391,325,325,327,327,133,133,517,133,133,327,517,326,198,198,391,327,326,391,198,517,391,326,325,517,198,325,326,325,325,326,198,326,198,327,517,391,198,517,391,326,326,198,327,326,198,198,198,198,325,391,327]
[169,138,96,138,138,138,96,90,138,96,138,85,96,85,138,138,85,90,90,169,96,96,169,96,169,169,138,169,90,96,90,96,169,138,138,96,138,138,85,138,138,96,96,96,138,96,85,138,85,138,138,90,90,169,169,96,169,169,90,96,96,138,138,85,90,96,85,138,96,85,96,138,96,138,138,96,138,138,96,138,96,138,90,96,85,138,96,85,96,96,138,90,96,138,138,138,138,138,85,91]
[1506,1506,594,3206,1443,979,531,979,594,531,979,530,531,3206,530,1506,530,3206,1443,3206,3206,3206,1443,3206,594,531,531,1506,530,594,979,531,1506,979,531,3206,1506,530,3206,530,3206,979,531,1506,594,594,530,1506,530,594,594,594,531,594,531,979,594,531,3206,3206,1443,531,531,979,1443,979,1443,530,594,530,979,1443,979,3206,1506,531,594,3206,979,979,531,531,3206,594,1443,1443,979,531,594,531,979,1443,531,979,594,1443,979,594,531,1444]
[327,327,326,325,133,517,391,517,326,391,517,198,391,325,198,327,198,325,133,325,325,325,133,325,326,391,391,327,198,326,517,391,327,517,391,325,327,198,325,198,325,517,391,327,326,326,198,327,198,326,326,326,391,326,391,517,326,391,325,325,133,391,391,517,133,517,133,198,326,198,517,133,517,325,327,391,326,325,517,517,391,391,325,326,133,133,517,391,326,391,517,133,391,517,326,133,517,326,391,133]
[90,90,96,138,169,96,85,96,96,85,96,138,85,138,138,90,138,138,169,138,138,138,169,138,96,85,85,90,138,96,96,85,90,96,85,138,90,138,138,138,138,96,85,90,96,96,138,90,138,96,96,96,85,96,85,96,96,85,138,138,169,85,85,96,169,96,169,138,96,138,96,169,96,138,90,85,96,138,96,96,85,85,138,96,169,169,96,85,96,85,96,169,85,96,96,169,96,96,85,170]
[979,1443,531,1443,979,979,1506,1443,1506,530,531,3206,979,1506,979,1506,3206,3206,594,1443,1506,3206,531,530,3206,594,531,1443,594,1506,3206,1443,1443,531,1443,3206,1443,979,3206,1506,594,3206,1506,530,979,594,530,1506,594,594,530,979,3206,530,530,530,1506,531,1443,979,531,1506,594,531,594,594,1443,531,1443,979,979,1506,979,1506,3206,530,979,530,3206,531,3206,531,594,530,979,594,1443,979,979,530,979,1443,594,1506,1506,531,1443,1506,530,1444]
[517,133,391,133,517,517,327,133,327,198,391,325,517,327,517,327,325,325,326,133,327,325,391,198,325,326,391,133,326,327,325,133,133,391,133,325,133,517,325,327,326,325,327,198,517,326,198,327,326,326,198,517,325,198,198,198,327,391,133,517,391,327,326,391,326,326,133,391,133,517,517,327,517,327,325,198,517,198,325,391,325,391,326,198,517,326,133,517,517,198,517,133,326,327,327,391,133,327,198,133]
[96,169,85,169,96,96,90,169,90,138,85,138,96,90,96,90,138,138,96,169,90,138,85,138,138,96,85,169,96,90,138,169,169,85,169,138,169,96,138,90,96,138,90,138,96,96,138,90,96,96,138,96,138,138,138,138,90,85,169,96,85,90,96,85,96,96,169,85,169,96,96,90,96,90,138,138,96,138,138,85,138,85,96,138,96,96,169,96,96,138,96,169,96,90,90,85,169,90,138,170]
[1506,1443,530,531,1506,1506,530,3206,3206,3206,1443,979,979,530,1506,531,1443,594,1443,531,3206,594,3206,979,530,979,594,530,3206,3206,594,530,1506,979,979,1443,1443,3206,979,3206,594,530,594,3206,531,979,1443,594,594,530,3206,979,594,531,1506,3206,1506,1443,979,1443,979,979,1506,594,3206,530,979,3206,1443,1443,531,594,594,530,1506,979,3206,594,594,979,1506,1506,531,1443,531,531,531,979,1443,3206,530,1506,1443,530,531,1443,1443,1506,530,980]
[327,133,198,391,327,327,198,325,325,325,133,517,517,198,327,391,133,326,133,391,325,326,325,517,198,517,326,198,325,325,326,198,327,517,517,133,133,325,517,325,326,198,326,325,391,517,133,326,326,198,325,517,326,391,327,325,327,133,517,133,517,517,327,326,325,198,517,325,133,133,391,326,326,198,327,517,325,326,326,517,327,327,391,133,391,391,391,517,133,325,198,327,133,198,391,133,133,327,198,517]
[90,169,138,85,90,90,138,138,138,138,169,96,96,138,90,85,169,96,169,85,138,96,138,96,138,96,96,138,138,138,96,138,90,96,96,169,169,138,96,138,96,138,96,138,85,96,169,96,96,138,138,96,96,85,90,138,90,169,96,169,96,96,90,96,138,138,96,138,169,169,85,96,96,138,90,96,138,96,96,96,90,90,85,169,85,85,85,96,169,138,138,90,169,138,85,169,169,90,138,97]
[531,594,979,530,594,1443,1443,3206,530,979,3206,531,1443,979,1443,594,3206,979,1506,979,3206,3206,979,530,3206,594,979,3206,1506,531,3206,531,1506,531,594,594,3206,1443,1443,594,531,1443,3206,530,3206,1443,1506,594,530,1443,530,530,531,1506,531,530,1443,1506,1506,3206,1443,1506,1506,1506,1443,1443,1443,1443,3206,1443,1443,979,979,1443,530,3206,3206,530,594,979,979,1443,594,3206,3206,531,530,1506,979,979,3206,979,3206,1506,530,1443,531,531,1443,532]
[391,326,517,198,326,133,133,325,198,517,325,391,133,517,133,326,325,517,327,517,325,325,517,198,325,326,517,325,327,391,325,391,327,391,326,326,325,133,133,326,391,133,325,198,325,133,327,326,198,133,198,198,391,327,391,198,133,327,327,325,133,327,327,327,133,133,133,133,325,133,133,517,517,133,198,325,325,198,326,517,517,133,326,325,325,391,198,327,517,517,325,517,325,327,198,133,391,391,133,391]
[85,96,96,138,96,169,169,138,138,96,138,85,169,96,169,96,138,96,90,96,138,138,96,138,138,96,96,138,90,85,138,85,90,85,96,96,138,169,169,96,85,169,138,138,138,169,90,96,138,169,138,138,85,90,85,138,169,90,90,138,169,90,90,90,169,169,169,169,138,169,169,96,96,169,138,138,138,138,96,96,96,169,96,138,138,85,138,90,96,96,138,96,138,90,138,169,85,85,169,86]
[531,979,3206,1443,594,530,3206,594,594,1443,979,530,530,1506,979,530,1506,1443,530,594,594,530,979,3206,594,1443,3206,1443,979,979,3206,530,979,530,1443,531,530,979,3206,979,1443,1443,1443,1443,530,530,594,531,530,3206,1443,530,530,1506,979,1443,1443,531,3206,1443,530,530,979,3206,530,1506,594,1506,3206,531,530,979,3206,531,1443,531,3206,594,531,1443,979,3206,1506,1506,1506,3206,1443,979,531,531,531,1443,594,531,1443,3206,3206,3206,1506,1444]
[391,517,325,133,326,198,325,326,326,133,517,198,198,327,517,198,327,133,198,326,326,198,517,325,326,133,325,133,517,517,325,198,517,198,133,391,198,517,325,517,133,133,133,133,198,198,326,391,198,325,133,198,198,327,517,133,133,391,325,133,198,198,517,325,198,327,326,327,325,391,198,517,325,391,133,391,325,326,391,133,517,325,327,327,327,325,133,517,391,391,391,133,326,391,133,325,325,325,327,133]
[85,96,138,169,96,138,138,96,96,169,96,138,138,90,96,138,90,169,138,96,96,138,96,138,96,169,138,169,96,96,138,138,96,138,169,85,138,96,138,96,169,169,169,169,138,138,96,85,138,138,169,138,138,90,96,169,169,85,138,169,138,138,96,138,138,90,96,90,138,85,138,96,138,85,169,85,138,96,85,169,96,138,90,90,90,138,169,96,85,85,85,169,96,85,169,138,138,138,90,170]
[3206,1443,531,3206,1506,530,979,530,1443,530,594,979,530,3206,594,3206,1443,1506,531,3206,1506,531,1443,530,3206,594,1506,530,979,531,979,1506,1506,3206,979,530,3206,979,1443,1443,531,979,530,530,531,530,1443,3206,530,594,594,594,594,530,531,1506,530,594,3206,979,3206,979,530,3206,979,530,531,979,1506,1506,3206,1506,3206,531,531,1506,530,1506,1506,1506,594,1443,530,1443,1506,3206,1443,1506,531,979,1506,1443,531,594,1506,979,1506,1506,3206,1507]
[325,133,391,325,327,198,517,198,133,198,326,517,198,325,326,325,133,327,391,325,327,391,133,198,325,326,327,198,517,391,517,327,327,325,517,198,325,517,133,133,391,517,198,198,391,198,133,325,198,326,326,326,326,198,391,327,198,326,325,517,325,517,198,325,517,198,391,517,327,327,325,327,325,391,391,327,198,327,327,327,326,133,198,133,327,325,133,327,391,517,327,133,391,326,327,517,327,327,325,327]
[138,169,85,138,90,138,96,138,169,138,96,96,138,138,96,138,169,90,85,138,90,85,169,138,138,96,90,138,96,85,96,90,90,138,96,138,138,96,169,169,85,96,138,138,85,138,169,138,138,96,96,96,96,138,85,90,138,96,138,96,138,96,138,138,96,138,85,96,90,90,138,90,138,85,85,90,138,90,90,90,96,169,138,169,90,138,169,90,85,96,90,169,85,96,90,96,90,90,138,91]
[1443,1443,531,594,530,979,530,1443,531,1443,979,1506,531,530,594,3206,3206,1443,530,979,1506,1443,594,594,530,530,1506,1443,594,1443,530,1506,1506,530,1443,979,594,3206,1443,531,1443,979,531,1506,1506,979,594,3206,531,531,531,530,594,3206,530,979,531,531,530,594,530,3206,1443,979,1506,530,3206,979,594,1506,1506,1443,531,531,1506,3206,531,531,531,979,1506,979,1443,3206,3206,1443,530,531,3206,531,3206,979,594,531,531,594,979,1443,1443,595]
[133,133,391,326,198,517,198,133,391,133,517,327,391,198,326,325,325,133,198,517,327,133,326,326,198,198,327,133,326,133,198,327,327,198,133,517,326,325,133,391,133,517,391,327,327,517,326,325,391,391,391,198,326,325,198,517,391,391,198,326,198,325,133,517,327,198,325,517,326,327,327,133,391,391,327,325,391,391,391,517,327,517,133,325,325,133,198,391,325,391,325,517,326,391,391,326,517,133,133,326]
[169,169,85,96,138,96,138,169,85,169,96,90,85,138,96,138,138,169,138,96,90,169,96,96,138,138,90,169,96,169,138,90,90,138,169,96,96,138,169,85,169,96,85,90,90,96,96,138,85,85,85,138,96,138,138,96,85,85,138,96,138,138,169,96,90,138,138,96,96,90,90,169,85,85,90,138,85,85,85,96,90,96,169,138,138,169,138,85,138,85,138,96,96,85,85,96,96,169,169,97]
[1506,3206,979,3206,531,1506,1506,3206,3206,1443,1443,530,530,530,1506,531,530,530,1443,594,530,979,979,3206,531,594,979,1506,1506,3206,3206,594,3206,594,530,1506,530,530,979,3206,1506,1506,594,979,530,1506,530,594,979,979,3206,530,979,979,530,594,1506,1443,1506,979,1443,1443,530,1443,530,531,531,530,594,531,594,3206,1443,1506,979,594,1506,3206,530,3206,979,1506,594,594,530,594,531,3206,3206,530,530,531,979,531,3206,594,3206,531,594,531]
[327,325,517,325,391,327,327,325,325,133,133,198,198,198,327,391,198,198,133,326,198,517,517,325,391,326,517,327,327,325,325,326,325,326,198,327,198,198,517,325,327,327,326,517,198,327,198,326,517,517,325,198,517,517,198,326,327,133,327,517,133,133,198,133,198,391,391,198,326,391,326,325,133,327,517,326,327,325,198,325,517,327,326,326,198,326,391,325,325,198,198,391,517,391,325,326,325,391,326,198]
[90,138,96,138,85,90,90,138,138,169,169,138,138,138,90,85,138,138,169,96,138,96,96,138,85,96,96,90,90,138,138,96,138,96,138,90,138,138,96,138,90,90,96,96,138,90,138,96,96,96,138,138,96,96,138,96,90,169,90,96,169,169,138,169,138,85,85,138,96,85,96,138,169,90,96,96,90,138,138,138,96,90,96,96,138,96,85,138,138,138,138,85,96,85,138,96,138,85,96,139]
[531,530,1506,531,3206,1443,594,979,1506,531,979,1506,979,530,979,530,1443,531,594,531,3206,1506,530,3206,530,531,1443,3206,1443,531,1506,1506,979,530,3206,1506,530,3206,979,594,594,531,1443,1506,1506,1443,1443,1506,1443,1506,1443,979,594,594,979,3206,530,594,979,531,1506,3206,1506,979,531,979,3206,1506,530,3206,979,594,530,979,1443,979,594,979,594,1443,531,530,530,979,1506,1443,3206,1443,594,1443,1443,531,979,1443,1506,594,531,531,1443,980]
[391,198,327,391,325,133,326,517,327,391,517,327,517,198,517,198,133,391,326,391,325,327,198,325,198,391,133,325,133,391,327,327,517,198,325,327,198,325,517,326,326,391,133,327,327,133,133,327,133,327,133,517,326,326,517,325,198,326,517,391,327,325,327,517,391,517,325,327,198,325,517,326,198,517,133,517,326,517,326,133,391,198,198,517,327,133,325,133,326,133,133,391,517,133,327,326,391,391,133,517]
[85,138,90,85,138,169,96,96,90,85,96,90,96,138,96,138,169,85,96,85,138,90,138,138,138,85,169,138,169,85,90,90,96,138,138,90,138,138,96,96,96,85,169,90,90,169,169,90,169,90,169,96,96,96,96,138,138,96,96,85,90,138,90,96,85,96,138,90,138,138,96,96,138,96,169,96,96,96,96,169,85,138,138,96,90,169,138,169,96,169,169,85,96,169,90,96,85,85,169,97]
[1443,1443,531,1443,979,530,594,3206,979,531,3206,530,1443,1443,1506,979,1506,1443,1506,530,530,531,531,979,3206,979,1506,979,979,979,594,979,530,530,594,1443,3206,530,3206,530,979,530,3206,979,531,594,594,530,979,1506,594,530,531,530,530,979,530,3206,530,979,530,594,530,530,3206,1506,530,530,1443,531,979,531,594,1443,979,979,594,1443,3206,594,979,979,3206,3206,594,3206,1443,531,979,594,979,530,594,3206,3206,3206,594,979,530,531]
[133,133,391,133,517,198,326,325,517,391,325,198,133,133,327,517,327,133,327,198,198,391,391,517,325,517,327,517,517,517,326,517,198,198,326,133,325,198,325,198,517,198,325,517,391,326,326,198,517,327,326,198,391,198,198,517,198,325,198,517,198,326,198,198,325,327,198,198,133,391,517,391,326,133,517,517,326,133,325,326,517,517,325,325,326,325,133,391,517,326,517,198,326,325,325,325,326,517,198,198]
[169,169,85,169,96,138,96,138,96,85,138,138,169,169,90,96,90,169,90,138,138,85,85,96,138,96,90,96,96,96,96,96,138,138,96,169,138,138,138,138,96,138,138,96,85,96,96,138,96,90,96,138,85,138,138,96,138,138,138,96,138,96,138,138,138,90,138,138,169,85,96,85,96,169,96,96,96,169,138,96,96,96,138,138,96,138,169,85,96,96,96,138,96,138,138,138,96,96,138,139]
[979,1506,1443,3206,594,3206,1506,1443,594,531,3206,1506,594,530,1443,1506,594,531,530,1506,3206,3206,3206,1443,1443,531,1443,1506,979,1443,979,1506,530,1443,531,594,1506,530,1443,594,3206,531,594,979,3206,3206,1506,531,1506,3206,1506,530,530,1443,530,1506,1506,979,594,531,1506,979,1506,1506,1443,1506,3206,979,531,979,530,3206,530,979,1506,979,531,531,531,979,3206,1506,594,594,1506,530,594,1506,531,530,1443,1443,1443,1506,530,1506,1506,594,1443,595]
[517,327,133,325,326,325,327,133,326,391,325,327,326,198,133,327,326,391,198,327,325,325,325,133,133,391,133,327,517,133,517,327,198,133,391,326,327,198,133,326,325,391,326,517,325,325,327,391,327,325,327,198,198,133,198,327,327,517,326,391,327,517,327,327,133,327,325,517,391,517,198,325,198,517,327,517,391,391,391,517,325,327,326,326,327,198,326,327,391,198,133,133,133,327,198,327,327,326,133,326]
[96,90,169,138,96,138,90,169,96,85,138,90,96,138,169,90,96,85,138,90,138,138,138,169,169,85,169,90,96,169,96,90,138,169,85,96,90,138,169,96,138,85,96,96,138,138,90,85,90,138,90,138,138,169,138,90,90,96,96,85,90,96,90,90,169,90,138,96,85,96,138,138,138,96,90,96,85,85,85,96,138,90,96,96,90,138,96,90,85,138,169,169,169,90,138,90,90,96,169,97]
[979,979,594,594,3206,1506,531,1443,530,1443,530,1506,531,979,530,531,979,530,1443,1443,531,531,1443,979,3206,594,530,531,1506,531,530,3206,1506,530,594,3206,979,1443,1506,531,3206,531,530,1506,3206,1443,531,1506,530,594,530,979,1506,979,1443,979,3206,531,1506,530,594,530,530,530,594,3206,1443,530,1443,594,3206,1506,1443,1506,531,530,530,531,979,1443,594,3206,979,1506,531,979,3206,1506,594,1506,531,979,594,1443,979,979,1506,1506,594,1444]
[517,517,326,326,325,327,391,133,198,133,198,327,391,517,198,391,517,198,133,133,391,391,133,517,325,326,198,391,327,391,198,325,327,198,326,325,517,133,327,391,325,391,198,327,325,133,391,327,198,326,198,517,327,517,133,517,325,391,327,198,326,198,198,198,326,325,133,198,133,326,325,327,133,327,391,198,198,391,517,133,326,325,517,327,391,517,325,327,326,327,391,517,326,133,517,517,327,327,326,133]
[96,96,96,96,138,90,85,169,138,169,138,90,85,96,138,85,96,138,169,169,85,85,169,96,138,96,138,85,90,85,138,138,90,138,96,138,96,169,90,85,138,85,138,90,138,169,85,90,138,96,138,96,90,96,169,96,138,85,90,138,96,138,138,138,96,138,169,138,169,96,138,90,169,90,85,138,138,85,96,169,96,138,96,90,85,96,138,90,96,90,85,96,96,169,96,96,90,90,96,170]
[3206,1506,594,3206,1443,3206,530,3206,594,979,3206,3206,1443,1443,530,1443,1443,594,531,3206,594,594,979,3206,531,1443,1443,979,1506,1506,979,979,530,594,1506,530,3206,1443,1506,530,3206,3206,1443,530,594,594,530,3206,531,1443,1506,1506,1506,3206,3206,979,1443,531,3206,3206,979,594,1443,530,530,530,531,531,979,594,979,530,979,531,1506,594,530,594,1443,3206,1443,3206,530,3206,594,1506,979,594,530,1443,1506,530,1506,594,3206,3206,1506,594,594,980]
[325,327,326,325,133,325,198,325,326,517,325,325,133,133,198,133,133,326,391,325,326,326,517,325,391,133,133,517,327,327,517,517,198,326,327,198,325,133,327,198,325,325,133,198,326,326,198,325,391,133,327,327,327,325,325,517,133,391,325,325,517,326,133,198,198,198,391,391,517,326,517,198,517,391,327,326,198,326,133,325,133,325,198,325,326,327,517,326,198,133,327,198,327,326,325,325,327,326,326,517]
[138,90,96,138,169,138,138,138,96,96,138,138,169,169,138,169,169,96,85,138,96,96,96,138,85,169,169,96,90,90,96,96,138,96,90,138,138,169,90,138,138,138,169,138,96,96,138,138,85,169,90,90,90,138,138,96,169,85,138,138,96,96,169,138,138,138,85,85,96,96,96,138,96,85,90,96,138,96,169,138,169,138,138,138,96,90,96,96,138,169,90,138,90,96,138,138,90,96,96,97]
[1443,531,3206,3206,1443,530,3206,1443,530,594,530,1443,594,979,979,3206,531,1443,979,1443,1506,1443,530,1506,594,530,3206,531,3206,531,1506,531,530,1443,1506,594,530,979,1506,979,1506,979,979,979,594,531,530,1443,1443,1506,1506,530,3206,1443,1506,1443,531,1443,979,979,594,3206,531,979,3206,3206,1506,979,594,531,3206,531,1443,1443,3206,594,1506,3206,531,1506,594,1506,531,979,530,1443,594,979,1506,3206,1506,3206,3206,3206,979,1443,979,1443,594,980]
[133,391,325,325,133,198,325,133,198,326,198,133,326,517,517,325,391,133,517,133,327,133,198,327,326,198,325,391,325,391,327,391,198,133,327,326,198,517,327,517,327,517,517,517,326,391,198,133,133,327,327,198,325,133,327,133,391,133,517,517,326,325,391,517,325,325,327,517,326,391,325,391,133,133,325,326,327,325,391,327,326,327,391,517,198,133,326,517,327,325,327,325,325,325,517,133,517,133,326,517]
[169,85,138,138,169,138,138,169,138,96,138,169,96,96,96,138,85,169,96,169,90,169,138,90,96,138,138,85,138,85,90,85,138,169,90,96,138,96,90,96,90,96,96,96,96,85,138,169,169,90,90,138,138,169,90,169,85,169,96,96,96,138,85,96,138,138,90,96,96,85,138,85,169,169,138,96,90,138,85,90,96,90,85,96,138,169,96,96,90,138,90,138,138,138,96,169,96,169,96,97]
[979,1443,3206,1506,1506,530,1443,530,1443,1443,979,1443,594,594,531,531,531,979,3206,594,531,530,1443,531,594,594,979,531,530,594,594,531,594,979,530,1443,979,530,1443,530,531,3206,530,530,979,1443,1506,1506,1506,1506,3206,1506,594,1443,979,3206,979,1506,531,3206,1506,3206,979,3206,531,979,1506,1443,1506,531,1506,979,1506,1506,594,3206,979,979,1506,1506,3206,1506,594,1506,530,3206,531,1443,1506,594,1443,1443,979,530,979,531,530,531,530,980]
[517,133,325,327,327,198,133,198,133,133,517,133,326,326,391,391,391,517,325,326,391,198,133,391,326,326,517,391,198,326,326,391,326,517,198,133,517,198,133,198,391,325,198,198,517,133,327,327,327,327,325,327,326,133,517,325,517,327,391,325,327,325,517,325,391,517,327,133,327,391,327,517,327,327,326,325,517,517,327,327,325,327,326,327,198,325,391,133,327,326,133,133,517,198,517,391,198,391,198,517]
[96,169,138,90,90,138,169,138,169,169,96,169,96,96,85,85,85,96,138,96,85,138,169,85,96,96,96,85,138,96,96,85,96,96,138,169,96,138,169,138,85,138,138,138,96,169,90,90,90,90,138,90,96,169,96,138,96,90,85,138,90,138,96,138,85,96,90,169,90,85,90,96,90,90,96,138,96,96,90,90,138,90,96,90,138,138,85,169,90,96,169,169,96,138,96,85,138,85,138,97]
[530,3206,979,1443,594,3206,530,1506,979,979,530,1506,1506,531,1506,531,979,979,3206,1443,1506,530,530,1506,594,979,3206,530,979,530,1443,3206,531,594,594,979,1443,531,530,1506,530,979,594,594,1506,979,531,3206,530,1506,531,530,3206,979,1443,531,530,3206,1443,979,530,3206,531,531,979,531,979,531,3206,594,531,531,979,1506,1506,530,979,594,1506,531,3206,3206,594,979,531,530,979,979,1443,531,530,531,1443,594,531,594,530,1443,3206,1507]
[198,325,517,133,326,325,198,327,517,517,198,327,327,391,327,391,517,517,325,133,327,198,198,327,326,517,325,198,517,198,133,325,391,326,326,517,133,391,198,327,198,517,326,326,327,517,391,325,198,327,391,198,325,517,133,391,198,325,133,517,198,325,391,391,517,391,517,391,325,326,391,391,517,327,327,198,517,326,327,391,325,325,326,517,391,198,517,517,133,391,198,391,133,326,391,326,198,133,325,327]
[138,138,96,169,96,138,138,90,96,96,138,90,90,85,90,85,96,96,138,169,90,138,138,90,96,96,138,138,96,138,169,138,85,96,96,96,169,85,138,90,138,96,96,96,90,96,85,138,138,90,85,138,138,96,169,85,138,138,169,96,138,138,85,85,96,85,96,85,138,96,85,85,96,90,90,138,96,96,90,85,138,138,96,96,85,138,96,96,169,85,138,85,169,96,85,96,138,169,138,91]
[530,594,3206,1506,3206,3206,3206,1506,530,531,1443,3206,979,1443,531,1443,594,530,1506,594,1443,531,979,3206,594,530,1506,1506,1506,1443,530,531,979,530,594,979,594,531,3206,1506,1443,594,531,3206,3206,594,530,3206,530,3206,531,1506,979,531,3206,530,530,3206,979,594,3206,531,530,530,1443,531,530,979,594,531,979,594,3206,979,530,979,594,1506,530,530,979,594,594,530,531,3206,531,1506,3206,979,594,979,531,531,1506,531,530,530,594,532]
[198,326,325,327,325,325,325,327,198,391,133,325,517,133,391,133,326,198,327,326,133,391,517,325,326,198,327,327,327,133,198,391,517,198,326,517,326,391,325,327,133,326,391,325,325,326,198,325,198,325,391,327,517,391,325,198,198,325,517,326,325,391,198,198,133,391,198,517,326,391,517,326,325,517,198,517,326,327,198,198,517,326,326,198,391,325,391,327,325,517,326,517,391,391,327,391,198,198,326,391]
[138,96,138,90,138,138,138,90,138,85,169,138,96,169,85,169,96,138,90,96,169,85,96,138,96,138,90,90,90,169,138,85,96,138,96,96,96,85,138,90,169,96,85,138,138,96,138,138,138,138,85,90,96,85,138,138,138,138,96,96,138,85,138,138,169,85,138,96,96,85,96,96,138,96,138,96,96,90,138,138,96,96,96,138,85,138,85,90,138,96,96,96,85,85,90,85,138,138,96,86]
[530,1506,530,3206,531,530,530,3206,979,1506,594,1506,3206,979,1443,1443,3206,979,3206,3206,530,3206,979,1506,1443,531,1443,531,979,1506,979,1506,1443,531,531,531,530,979,1443,979,531,979,530,979,531,979,594,594,1506,979,1443,3206,1443,530,1443,1443,1506,530,1443,1506,3206,3206,3206,594,530,530,1506,3206,1506,1506,530,530,531,530,1506,979,531,1443,979,979,1443,3206,594,1506,1506,531,594,3206,1443,979,531,1443,1443,531,531,594,1443,979,531,532]
[198,327,198,325,391,198,198,325,517,327,326,327,325,517,133,133,325,517,325,325,198,325,517,327,133,391,133,391,517,327,517,327,133,391,391,391,198,517,133,517,391,517,198,517,391,517,326,326,327,517,133,325,133,198,133,133,327,198,133,327,325,325,325,326,198,198,327,325,327,327,198,198,391,198,327,517,391,133,517,517,133,325,326,327,327,391,326,325,133,517,391,133,133,391,391,326,133,517,391,391]
[138,90,138,138,85,138,138,138,96,90,96,90,138,96,169,169,138,96,138,138,138,138,96,90,169,85,169,85,96,90,96,90,169,85,85,85,138,96,169,96,85,96,138,96,85,96,96,96,90,96,169,138,169,138,169,169,90,138,169,90,138,138,138,96,138,138,90,138,90,90,138,138,85,138,90,96,85,169,96,96,169,138,96,90,90,85,96,138,169,96,85,169,169,85,85,96,169,96,85,86]
