1572370200878



Part 1: 
[[1,1,0,1,0,2,0,2,2],[1,1,0,1,1,2,0,2,2]]
,[[1,0,0,2,2,0,2,1,1],[1,0,1,2,2,0,2,1,1]]
,[[2,0,0,1,0,1,2,1,2],[2,1,0,1,0,1,2,1,2]]
,[[1,0,0,1,1,2,2,0,2],[1,0,0,1,1,2,2,1,2]]
,[[1,1,2,1,0,2,0,0,2],[1,1,2,1,0,2,1,0,2]]
,[[1,0,0,1,2,0,0,2,0],[1,0,0,1,2,0,1,2,0]]
,[[0,0,0,0,0,1,2,1,2],[0,1,0,0,0,1,2,1,2]]
,[[1,0,0,1,0,0,0,2,2],[1,0,0,1,0,0,1,2,2]]
,[[0,0,0,0,0,2,1,1,2],[0,0,0,0,1,2,1,1,2]]
,[[2,1,0,0,0,1,0,2,0],[2,1,0,0,0,1,1,2,0]]
,[[1,0,0,0,2,0,0,0,0],[1,0,1,0,2,0,0,0,0]]
,[[0,0,0,0,0,1,2,0,0],[0,0,0,0,0,1,2,1,0]]
,[[0,0,0,1,0,0,0,0,2],[0,0,1,1,0,0,0,0,2]]
,[[0,1,0,0,0,2,0,0,0],[0,1,1,0,0,2,0,0,0]]
,[[0,0,1,0,0,0,0,0,2],[0,0,1,0,0,0,0,1,2]]
difficulty: [3,3,3,3,3,2.5,2.5,5,5,5,1.17,2.33,2.33,3.5,3.5]
scores: [-10,-10,-10,10,0,0,-10,-10,0,-10,10,0,-10,-10,0]
time: [576.8,0.6,1.8,0.8,0.4,0,0.2,0.2,0,0.2,0,6.8,0,0,0]







