1575893371763



Part 1: 
[[1,1,0,1,0,2,0,2,2],[1,1,1,1,0,2,0,2,2]]
,[[1,0,0,2,2,0,2,1,1],[1,1,0,2,2,0,2,1,1]]
,[[2,0,0,1,0,1,2,1,2],[2,0,1,1,0,1,2,1,2]]
,[[1,0,0,1,1,2,2,0,2],[1,0,0,1,1,2,2,1,2]]
,[[1,1,2,1,0,2,0,0,2],[1,1,2,1,0,2,0,1,2]]
,[[1,0,0,1,2,0,0,2,0],[1,1,0,1,2,0,0,2,0]]
,[[0,0,0,0,0,1,2,1,2],[1,0,0,0,0,1,2,1,2]]
,[[1,0,0,1,0,0,0,2,2],[1,0,0,1,0,1,0,2,2]]
,[[0,0,0,0,0,2,1,1,2],[1,0,0,0,0,2,1,1,2]]
,[[2,1,0,0,0,1,0,2,0],[2,1,0,1,0,1,0,2,0]]
,[[1,0,0,0,2,0,0,0,0],[1,0,0,0,2,1,0,0,0]]
,[[0,0,0,0,0,1,2,0,0],[1,0,0,0,0,1,2,0,0]]
,[[0,0,0,1,0,0,0,0,2],[0,0,0,1,0,0,0,1,2]]
,[[0,1,0,0,0,2,0,0,0],[0,1,0,0,0,2,0,1,0]]
,[[0,0,1,0,0,0,0,0,2],[1,0,1,0,0,0,0,0,2]]
difficulty: [3,3,3,3,3,2.5,2.5,5,5,5,1.17,2.33,2.33,3.5,3.5]
scores: [10,10,-10,10,10,10,10,-10,10,10,10,10,0,10,10]
time: [38,2.4,3.8,8.4,8.2,35.6,30.6,29.2,25.4,35.2,26.2,14.4,27.2,34.6,10.2]









Part 2: 
[[1,0,0,2,1,1,0,2,2],[1,1,0,2,1,1,0,2,2]]
,[[2,1,2,1,0,1,0,2,0],[2,1,2,1,1,1,0,2,0]]
,[[1,1,2,2,0,0,0,1,2],[1,1,2,2,0,1,0,1,2]]
,[[1,0,0,0,1,0,2,0,2],[1,0,0,1,1,0,2,0,2]]
,[[0,1,0,0,0,2,0,1,2],[0,1,0,1,0,2,0,1,2]]
,[[0,2,0,0,0,2,0,1,1],[1,2,0,0,0,2,0,1,1]]
,[[0,0,2,0,0,1,0,0,0],[0,0,2,0,0,1,0,1,0]]
,[[0,0,1,0,0,2,0,0,0],[1,0,1,0,0,2,0,0,0]]
,[[0,0,0,0,0,1,0,2,0],[1,0,0,0,0,1,0,2,0]]
scores: [10,10,10,10,10,10,10,0,0]
time: [51.8,11,17.6,15.8,36.8,14.4,11.8,26.6,12]
time on expl: [3.2,0.8,1,6.4,1.6,0,5.6,2.6,1]


Part 3: 
[[1,1,2,2,0,2,0,1,0],[1,1,2,2,0,2,0,1,1]]
,[[1,0,2,1,1,0,0,2,2],[1,0,2,1,1,1,0,2,2]]
,[[2,1,2,1,0,1,0,0,2],[2,1,2,1,1,1,0,0,2]]
,[[1,0,2,0,0,1,1,2,2],[1,1,2,0,0,1,1,2,2]]
,[[1,1,0,2,0,0,2,1,2],[1,1,0,2,0,1,2,1,2]]
,[[1,1,0,0,0,2,0,0,2],[1,1,0,0,0,2,0,1,2]]
,[[0,1,2,1,0,0,0,0,2],[1,1,2,1,0,0,0,0,2]]
,[[1,2,2,0,0,1,0,0,0],[1,2,2,1,0,1,0,0,0]]
,[[0,1,2,0,0,0,0,2,1],[1,1,2,0,0,0,0,2,1]]
,[[2,2,0,1,0,0,0,1,0],[2,2,0,1,0,1,0,1,0]]
,[[1,0,2,0,0,0,0,0,0],[1,0,2,0,0,0,0,0,1]]
,[[0,1,0,0,0,0,0,0,2],[0,1,0,1,0,0,0,0,2]]
,[[0,0,0,1,0,0,2,0,0],[1,0,0,1,0,0,2,0,0]]
,[[0,0,0,1,0,0,0,2,0],[1,0,0,1,0,0,0,2,0]]
,[[0,0,0,0,1,0,2,0,0],[1,0,0,0,1,0,2,0,0]]
difficulty: [3,3,3,3,3,2.5,2.5,5,5,5,1.17,2.33,2.33,3.5,3.5]
scores: [10,10,10,10,10,0,10,10,10,10,10,10,10,0,10]
time: [11.4,4.6,5.2,2.8,30.2,30.6,11.8,4.8,14.8,19.4,47.2,15.8,3.6,2.8,1]


male

25-34

bachelor
