1575893320383



Part 1: 
[[1,1,0,1,0,2,0,2,2],[1,1,1,1,0,2,0,2,2]]
,[[1,0,0,2,2,0,2,1,1],[1,1,0,2,2,0,2,1,1]]
,[[2,0,0,1,0,1,2,1,2],[2,0,0,1,1,1,2,1,2]]
,[[1,0,0,1,1,2,2,0,2],[1,0,0,1,1,2,2,1,2]]
,[[1,1,2,1,0,2,0,0,2],[1,1,2,1,0,2,0,1,2]]
,[[1,0,0,1,2,0,0,2,0],[1,1,0,1,2,0,0,2,0]]
,[[0,0,0,0,0,1,2,1,2],[1,0,0,0,0,1,2,1,2]]
,[[1,0,0,1,0,0,0,2,2],[1,0,1,1,0,0,0,2,2]]
,[[0,0,0,0,0,2,1,1,2],[1,0,0,0,0,2,1,1,2]]
,[[2,1,0,0,0,1,0,2,0],[2,1,0,0,1,1,0,2,0]]
,[[1,0,0,0,2,0,0,0,0],[1,0,0,1,2,0,0,0,0]]
,[[0,0,0,0,0,1,2,0,0],[0,0,0,1,0,1,2,0,0]]
,[[0,0,0,1,0,0,0,0,2],[0,0,0,1,1,0,0,0,2]]
,[[0,1,0,0,0,2,0,0,0],[0,1,0,0,0,2,0,1,0]]
,[[0,0,1,0,0,0,0,0,2],[1,0,1,0,0,0,0,0,2]]
difficulty: [3,3,3,3,3,2.5,2.5,5,5,5,1.17,2.33,2.33,3.5,3.5]
scores: [10,10,10,10,10,10,10,-10,10,-10,10,10,0,10,10]
time: [21.8,24.4,18.6,7.4,19.2,37.2,10.6,8.2,17.2,14.4,10.8,9.6,8.4,6.2,8]









Part 2: 
[[1,0,0,2,1,1,0,2,2],[1,1,0,2,1,1,0,2,2]]
,[[2,1,2,1,0,1,0,2,0],[2,1,2,1,1,1,0,2,0]]
,[[1,1,2,2,0,0,0,1,2],[1,1,2,2,0,1,0,1,2]]
,[[1,0,0,0,1,0,2,0,2],[1,0,0,0,1,0,2,1,2]]
,[[0,1,0,0,0,2,0,1,2],[0,1,0,1,0,2,0,1,2]]
,[[0,2,0,0,0,2,0,1,1],[1,2,0,0,0,2,0,1,1]]
,[[0,0,2,0,0,1,0,0,0],[0,0,2,0,0,1,0,1,0]]
,[[0,0,1,0,0,2,0,0,0],[1,0,1,0,0,2,0,0,0]]
,[[0,0,0,0,0,1,0,2,0],[1,0,0,0,0,1,0,2,0]]
scores: [10,10,10,0,10,10,10,0,0]
time: [71.6,13.6,8.4,15.2,20,23.8,25.2,10,10.6]
time on expl: [27.2,0.6,0.2,12.6,0.2,2.4,1.4,2.2,0.6]


Part 3: 
[[1,1,2,2,0,2,0,1,0],[1,1,2,2,0,2,0,1,1]]
,[[1,0,2,1,1,0,0,2,2],[1,1,2,1,1,0,0,2,2]]
,[[2,1,2,1,0,1,0,0,2],[2,1,2,1,0,1,0,1,2]]
,[[1,0,2,0,0,1,1,2,2],[1,0,2,1,0,1,1,2,2]]
,[[1,1,0,2,0,0,2,1,2],[1,1,0,2,0,1,2,1,2]]
,[[1,1,0,0,0,2,0,0,2],[1,1,0,0,0,2,0,1,2]]
,[[0,1,2,1,0,0,0,0,2],[0,1,2,1,0,0,0,1,2]]
,[[1,2,2,0,0,1,0,0,0],[1,2,2,0,0,1,0,1,0]]
,[[0,1,2,0,0,0,0,2,1],[1,1,2,0,0,0,0,2,1]]
,[[2,2,0,1,0,0,0,1,0],[2,2,0,1,0,1,0,1,0]]
,[[1,0,2,0,0,0,0,0,0],[1,0,2,0,0,0,0,1,0]]
,[[0,1,0,0,0,0,0,0,2],[0,1,0,0,0,0,0,1,2]]
,[[0,0,0,1,0,0,2,0,0],[1,0,0,1,0,0,2,0,0]]
,[[0,0,0,1,0,0,0,2,0],[1,0,0,1,0,0,0,2,0]]
,[[0,0,0,0,1,0,2,0,0],[0,0,0,1,1,0,2,0,0]]
difficulty: [3,3,3,3,3,2.5,2.5,5,5,5,1.17,2.33,2.33,3.5,3.5]
scores: [10,0,-10,-10,10,0,-10,-10,10,10,10,0,10,0,-10]
time: [14,8,22.6,15,10.6,12.4,14,21.2,19.2,11.6,26.8,18.2,11,13,11.2]


female

18-24

bachelor
