1561672823249



Part 1: 
[[1,1,0,1,0,2,0,2,2],[1,1,1,1,0,2,0,2,2]]
,[[1,0,0,2,2,0,2,1,1],[1,1,0,2,2,0,2,1,1]]
,[[2,0,0,1,0,1,2,1,2],[2,0,0,1,1,1,2,1,2]]
,[[1,0,0,1,1,2,2,0,2],[1,0,0,1,1,2,2,1,2]]
,[[1,1,2,1,0,2,0,0,2],[1,1,2,1,0,2,0,1,2]]
,[[1,0,0,1,2,0,0,2,0],[1,0,1,1,2,0,0,2,0]]
,[[0,0,0,0,0,1,2,1,2],[1,0,0,0,0,1,2,1,2]]
,[[1,0,0,1,0,0,0,2,2],[1,0,0,1,0,1,0,2,2]]
,[[0,0,0,0,0,2,1,1,2],[1,0,0,0,0,2,1,1,2]]
,[[2,1,0,0,0,1,0,2,0],[2,1,0,1,0,1,0,2,0]]
,[[1,0,0,0,2,0,0,0,0],[1,0,0,0,2,1,0,0,0]]
,[[0,0,0,0,0,1,2,0,0],[1,0,0,0,0,1,2,0,0]]
,[[0,0,0,1,0,0,0,0,2],[1,0,0,1,0,0,0,0,2]]
,[[0,1,0,0,0,2,0,0,0],[1,1,0,0,0,2,0,0,0]]
,[[0,0,1,0,0,0,0,0,2],[1,0,1,0,0,0,0,0,2]]
difficulty: [3,3,3,3,3,2.5,2.5,5,5,5,1.17,2.33,2.33,3.5,3.5]
scores: [10,10,10,10,10,10,10,-10,10,10,10,10,10,0,10]
time: [53.6,0.8,0,0.2,1.2,4,23.6,1.6,6.6,3,1.4,0.6,0.2,0,0]


Part 2: 
[[1,0,0,2,1,1,0,2,2],[1,1,0,2,1,1,0,2,2]]
,[[2,1,2,1,0,1,0,2,0],[2,1,2,1,0,1,1,2,0]]
,[[1,1,2,2,0,0,0,1,2],[1,1,2,2,0,1,0,1,2]]
,[[1,0,0,0,1,0,2,0,2],[1,0,0,1,1,0,2,0,2]]
,[[0,1,0,0,0,2,0,1,2],[1,1,0,0,0,2,0,1,2]]
,[[0,2,0,0,0,2,0,1,1],[1,2,0,0,0,2,0,1,1]]
,[[0,0,2,0,0,1,0,0,0],[0,0,2,0,0,1,0,1,0]]
,[[0,0,1,0,0,2,0,0,0],[0,0,1,1,0,2,0,0,0]]
,[[0,0,0,0,0,1,0,2,0],[0,1,0,0,0,1,0,2,0]]
scores: [10,0,10,10,0,10,10,10,10]
time: [15.4,2.4,2.6,6.8,7.4,2.6,3.2,2.4,1.4]
time on expl: [3,4.2,0.4,3.8,4.2,0.4,0.4,2,0.4]


Part 3: 
[[1,1,2,2,0,2,0,1,0],[1,1,2,2,0,2,0,1,1]]
,[[1,0,2,1,1,0,0,2,2],[1,0,2,1,1,1,0,2,2]]
,[[2,1,2,1,0,1,0,0,2],[2,1,2,1,1,1,0,0,2]]
,[[1,0,2,0,0,1,1,2,2],[1,1,2,0,0,1,1,2,2]]
,[[1,1,0,2,0,0,2,1,2],[1,1,0,2,0,1,2,1,2]]
,[[1,1,0,0,0,2,0,0,2],[1,1,0,1,0,2,0,0,2]]
,[[0,1,2,1,0,0,0,0,2],[1,1,2,1,0,0,0,0,2]]
,[[1,2,2,0,0,1,0,0,0],[1,2,2,0,0,1,0,1,0]]
,[[0,1,2,0,0,0,0,2,1],[1,1,2,0,0,0,0,2,1]]
,[[2,2,0,1,0,0,0,1,0],[2,2,0,1,0,1,0,1,0]]
,[[1,0,2,0,0,0,0,0,0],[1,0,2,0,0,0,0,1,0]]
,[[0,1,0,0,0,0,0,0,2],[1,1,0,0,0,0,0,0,2]]
,[[0,0,0,1,0,0,2,0,0],[1,0,0,1,0,0,2,0,0]]
,[[0,0,0,1,0,0,0,2,0],[1,0,0,1,0,0,0,2,0]]
,[[0,0,0,0,1,0,2,0,0],[1,0,0,0,1,0,2,0,0]]
difficulty: [3,3,3,3,3,2.5,2.5,5,5,5,1.17,2.33,2.33,3.5,3.5]
scores: [10,10,10,10,10,10,10,-10,10,10,10,10,10,0,10]
time: [1,2,0,0.4,1.8,1.6,1,3.2,1.2,2.6,0,0,0,0,0]


female

25-34

college
