1561684476748



Part 1: 
[[1,1,0,1,0,2,0,2,2],[1,1,1,1,0,2,0,2,2]]
,[[1,0,0,2,2,0,2,1,1],[1,1,0,2,2,0,2,1,1]]
,[[2,0,0,1,0,1,2,1,2],[2,0,0,1,1,1,2,1,2]]
,[[1,0,0,1,1,2,2,0,2],[1,0,0,1,1,2,2,1,2]]
,[[1,1,2,1,0,2,0,0,2],[1,1,2,1,0,2,0,1,2]]
,[[1,0,0,1,2,0,0,2,0],[1,0,0,1,2,0,1,2,0]]
,[[0,0,0,0,0,1,2,1,2],[1,0,0,0,0,1,2,1,2]]
,[[1,0,0,1,0,0,0,2,2],[1,0,0,1,0,1,0,2,2]]
,[[0,0,0,0,0,2,1,1,2],[1,0,0,0,0,2,1,1,2]]
,[[2,1,0,0,0,1,0,2,0],[2,1,0,1,0,1,0,2,0]]
,[[1,0,0,0,2,0,0,0,0],[1,1,0,0,2,0,0,0,0]]
,[[0,0,0,0,0,1,2,0,0],[1,0,0,0,0,1,2,0,0]]
,[[0,0,0,1,0,0,0,0,2],[1,0,0,1,0,0,0,0,2]]
,[[0,1,0,0,0,2,0,0,0],[1,1,0,0,0,2,0,0,0]]
,[[0,0,1,0,0,0,0,0,2],[1,0,1,0,0,0,0,0,2]]
difficulty: [3,3,3,3,3,2.5,2.5,5,5,5,1.17,2.33,2.33,3.5,3.5]
scores: [10,10,10,10,10,0,10,-10,10,10,10,10,10,0,10]
time: [6,2,0.2,10.6,1.8,12.2,5,2,2.2,1.6,2.2,0.8,0.6,0.8,0.8]


Part 2: 
[[1,0,0,2,1,1,0,2,2],[1,1,0,2,1,1,0,2,2]]
,[[2,1,2,1,0,1,0,2,0],[2,1,2,1,1,1,0,2,0]]
,[[1,1,2,2,0,0,0,1,2],[1,1,2,2,0,1,0,1,2]]
,[[1,0,0,0,1,0,2,0,2],[1,0,0,1,1,0,2,0,2]]
,[[0,1,0,0,0,2,0,1,2],[0,1,0,1,0,2,0,1,2]]
,[[0,2,0,0,0,2,0,1,1],[1,2,0,0,0,2,0,1,1]]
,[[0,0,2,0,0,1,0,0,0],[0,0,2,0,0,1,0,1,0]]
,[[0,0,1,0,0,2,0,0,0],[0,0,1,1,0,2,0,0,0]]
,[[0,0,0,0,0,1,0,2,0],[1,0,0,0,0,1,0,2,0]]
scores: [10,10,10,10,10,10,10,10,0]
time: [16.8,11,1.8,4.8,2.6,1.8,20.6,0.8,1.8]
time on expl: [0.6,0,0,0.2,0,0,0,0,1]


Part 3: 
[[1,1,2,2,0,2,0,1,0],[1,1,2,2,0,2,0,1,1]]
,[[1,0,2,1,1,0,0,2,2],[1,0,2,1,1,1,0,2,2]]
,[[2,1,2,1,0,1,0,0,2],[2,1,2,1,1,1,0,0,2]]
,[[1,0,2,0,0,1,1,2,2],[1,1,2,0,0,1,1,2,2]]
,[[1,1,0,2,0,0,2,1,2],[1,1,0,2,0,1,2,1,2]]
,[[1,1,0,0,0,2,0,0,2],[1,1,0,1,0,2,0,0,2]]
,[[0,1,2,1,0,0,0,0,2],[1,1,2,1,0,0,0,0,2]]
,[[1,2,2,0,0,1,0,0,0],[1,2,2,0,0,1,1,0,0]]
,[[0,1,2,0,0,0,0,2,1],[1,1,2,0,0,0,0,2,1]]
,[[2,2,0,1,0,0,0,1,0],[2,2,0,1,1,0,0,1,0]]
,[[1,0,2,0,0,0,0,0,0],[1,0,2,0,1,0,0,0,0]]
,[[0,1,0,0,0,0,0,0,2],[0,1,1,0,0,0,0,0,2]]
,[[0,0,0,1,0,0,2,0,0],[0,0,1,1,0,0,2,0,0]]
,[[0,0,0,1,0,0,0,2,0],[1,0,0,1,0,0,0,2,0]]
,[[0,0,0,0,1,0,2,0,0],[1,0,0,0,1,0,2,0,0]]
difficulty: [3,3,3,3,3,2.5,2.5,5,5,5,1.17,2.33,2.33,3.5,3.5]
scores: [10,10,10,10,10,10,10,-10,10,-10,10,10,0,0,10]
time: [2.2,0.6,9.4,4.6,0.2,30.6,9.8,2.2,1,5.2,0.4,0,0,0,0]


male

25-34

master
