1561672388996



Part 1: 
[[1,1,0,1,0,2,0,2,2],[1,1,1,1,0,2,0,2,2]]
,[[1,0,0,2,2,0,2,1,1],[1,1,0,2,2,0,2,1,1]]
,[[2,0,0,1,0,1,2,1,2],[2,0,0,1,1,1,2,1,2]]
,[[1,0,0,1,1,2,2,0,2],[1,0,0,1,1,2,2,1,2]]
,[[1,1,2,1,0,2,0,0,2],[1,1,2,1,0,2,0,1,2]]
,[[1,0,0,1,2,0,0,2,0],[1,1,0,1,2,0,0,2,0]]
,[[0,0,0,0,0,1,2,1,2],[0,0,0,1,0,1,2,1,2]]
,[[1,0,0,1,0,0,0,2,2],[1,0,0,1,0,1,0,2,2]]
,[[0,0,0,0,0,2,1,1,2],[1,0,0,0,0,2,1,1,2]]
,[[2,1,0,0,0,1,0,2,0],[2,1,0,0,0,1,1,2,0]]
,[[1,0,0,0,2,0,0,0,0],[1,1,0,0,2,0,0,0,0]]
,[[0,0,0,0,0,1,2,0,0],[0,1,0,0,0,1,2,0,0]]
,[[0,0,0,1,0,0,0,0,2],[0,0,0,1,0,1,0,0,2]]
,[[0,1,0,0,0,2,0,0,0],[0,1,0,0,0,2,0,1,0]]
,[[0,0,1,0,0,0,0,0,2],[0,0,1,0,0,1,0,0,2]]
difficulty: [3,3,3,3,3,2.5,2.5,5,5,5,1.17,2.33,2.33,3.5,3.5]
scores: [10,10,10,10,10,10,10,-10,10,-10,10,0,10,10,0]
time: [8.6,2,1,1.4,0.6,2.6,1.8,3.6,0.4,0.2,0.8,0.2,0.4,0.4,6.2]


Part 2: 
[[1,0,0,2,1,1,0,2,2],[1,0,1,2,1,1,0,2,2]]
,[[2,1,2,1,0,1,0,2,0],[2,1,2,1,0,1,1,2,0]]
,[[1,1,2,2,0,0,0,1,2],[1,1,2,2,0,1,0,1,2]]
,[[1,0,0,0,1,0,2,0,2],[1,0,0,1,1,0,2,0,2]]
,[[0,1,0,0,0,2,0,1,2],[0,1,0,1,0,2,0,1,2]]
,[[0,2,0,0,0,2,0,1,1],[0,2,0,1,0,2,0,1,1]]
,[[0,0,2,0,0,1,0,0,0],[0,0,2,0,0,1,0,0,1]]
,[[0,0,1,0,0,2,0,0,0],[1,0,1,0,0,2,0,0,0]]
,[[0,0,0,0,0,1,0,2,0],[1,0,0,0,0,1,0,2,0]]
scores: [-10,0,10,10,10,-10,0,0,0]
time: [5.6,0,3.6,5.2,5.6,0.6,1.2,0,2]
time on expl: [0,0,1.4,1.4,0,0.2,0,0.4,0]


Part 3: 
[[1,1,2,2,0,2,0,1,0],[1,1,2,2,0,2,0,1,1]]
,[[1,0,2,1,1,0,0,2,2],[1,0,2,1,1,1,0,2,2]]
,[[2,1,2,1,0,1,0,0,2],[2,1,2,1,1,1,0,0,2]]
,[[1,0,2,0,0,1,1,2,2],[1,1,2,0,0,1,1,2,2]]
,[[1,1,0,2,0,0,2,1,2],[1,1,0,2,0,1,2,1,2]]
,[[1,1,0,0,0,2,0,0,2],[1,1,0,1,0,2,0,0,2]]
,[[0,1,2,1,0,0,0,0,2],[0,1,2,1,0,1,0,0,2]]
,[[1,2,2,0,0,1,0,0,0],[1,2,2,0,0,1,0,1,0]]
,[[0,1,2,0,0,0,0,2,1],[1,1,2,0,0,0,0,2,1]]
,[[2,2,0,1,0,0,0,1,0],[2,2,0,1,0,1,0,1,0]]
,[[1,0,2,0,0,0,0,0,0],[1,0,2,0,0,0,0,1,0]]
,[[0,1,0,0,0,0,0,0,2],[0,1,0,0,0,1,0,0,2]]
,[[0,0,0,1,0,0,2,0,0],[1,0,0,1,0,0,2,0,0]]
,[[0,0,0,1,0,0,0,2,0],[1,0,0,1,0,0,0,2,0]]
,[[0,0,0,0,1,0,2,0,0],[1,0,0,0,1,0,2,0,0]]
difficulty: [3,3,3,3,3,2.5,2.5,5,5,5,1.17,2.33,2.33,3.5,3.5]
scores: [10,10,10,10,10,10,10,-10,10,10,10,0,10,0,10]
time: [0.8,0.8,0.2,1.8,1,1,1.6,1,0.6,1.2,0,0.2,0,0,0]


male

25-34

bachelor
