1561677258732



Part 1: 
[[1,1,0,1,0,2,0,2,2],[1,1,1,1,0,2,0,2,2]]
,[[1,0,0,2,2,0,2,1,1],[1,1,0,2,2,0,2,1,1]]
,[[2,0,0,1,0,1,2,1,2],[2,0,0,1,1,1,2,1,2]]
,[[1,0,0,1,1,2,2,0,2],[1,0,0,1,1,2,2,1,2]]
,[[1,1,2,1,0,2,0,0,2],[1,1,2,1,0,2,0,1,2]]
,[[1,0,0,1,2,0,0,2,0],[1,0,0,1,2,1,0,2,0]]
,[[0,0,0,0,0,1,2,1,2],[0,0,0,1,0,1,2,1,2]]
,[[1,0,0,1,0,0,0,2,2],[1,1,0,1,0,0,0,2,2]]
,[[0,0,0,0,0,2,1,1,2],[0,0,0,1,0,2,1,1,2]]
,[[2,1,0,0,0,1,0,2,0],[2,1,0,1,0,1,0,2,0]]
,[[1,0,0,0,2,0,0,0,0],[1,0,0,1,2,0,0,0,0]]
,[[0,0,0,0,0,1,2,0,0],[0,0,0,1,0,1,2,0,0]]
,[[0,0,0,1,0,0,0,0,2],[0,1,0,1,0,0,0,0,2]]
,[[0,1,0,0,0,2,0,0,0],[0,1,0,0,0,2,0,1,0]]
,[[0,0,1,0,0,0,0,0,2],[0,0,1,0,0,1,0,0,2]]
difficulty: [3,3,3,3,3,2.5,2.5,5,5,5,1.17,2.33,2.33,3.5,3.5]
scores: [10,10,10,10,10,0,10,10,-10,10,10,10,10,10,0]
time: [14.8,0.8,6.2,19.2,3.8,7.8,5.6,6.6,2.4,1.4,6.2,1,3.8,6.4,9.4]


Part 2: 
[[1,0,0,2,1,1,0,2,2],[1,1,0,2,1,1,0,2,2]]
,[[2,1,2,1,0,1,0,2,0],[2,1,2,1,0,1,1,2,0]]
,[[1,1,2,2,0,0,0,1,2],[1,1,2,2,1,0,0,1,2]]
,[[1,0,0,0,1,0,2,0,2],[1,0,0,0,1,0,2,1,2]]
,[[0,1,0,0,0,2,0,1,2],[0,1,0,1,0,2,0,1,2]]
,[[0,2,0,0,0,2,0,1,1],[0,2,0,1,0,2,0,1,1]]
,[[0,0,2,0,0,1,0,0,0],[0,0,2,0,0,1,0,0,1]]
,[[0,0,1,0,0,2,0,0,0],[0,0,1,1,0,2,0,0,0]]
,[[0,0,0,0,0,1,0,2,0],[0,1,0,0,0,1,0,2,0]]
scores: [10,0,0,0,10,-10,0,10,10]
time: [24.6,0.6,3.8,0.8,4.6,12.6,13.4,1.2,1.8]
time on expl: [6,10.4,6.6,3.8,7.6,9,3.4,3.2,3]


Part 3: 
[[1,1,2,2,0,2,0,1,0],[1,1,2,2,1,2,0,1,0]]
,[[1,0,2,1,1,0,0,2,2],[1,0,2,1,1,1,0,2,2]]
,[[2,1,2,1,0,1,0,0,2],[2,1,2,1,1,1,0,0,2]]
,[[1,0,2,0,0,1,1,2,2],[1,1,2,0,0,1,1,2,2]]
,[[1,1,0,2,0,0,2,1,2],[1,1,0,2,0,1,2,1,2]]
,[[1,1,0,0,0,2,0,0,2],[1,1,0,1,0,2,0,0,2]]
,[[0,1,2,1,0,0,0,0,2],[0,1,2,1,0,0,0,1,2]]
,[[1,2,2,0,0,1,0,0,0],[1,2,2,0,0,1,0,1,0]]
,[[0,1,2,0,0,0,0,2,1],[0,1,2,0,1,0,0,2,1]]
,[[2,2,0,1,0,0,0,1,0],[2,2,0,1,0,1,0,1,0]]
,[[1,0,2,0,0,0,0,0,0],[1,0,2,1,0,0,0,0,0]]
,[[0,1,0,0,0,0,0,0,2],[0,1,0,1,0,0,0,0,2]]
,[[0,0,0,1,0,0,2,0,0],[0,1,0,1,0,0,2,0,0]]
,[[0,0,0,1,0,0,0,2,0],[0,0,0,1,0,1,0,2,0]]
,[[0,0,0,0,1,0,2,0,0],[0,0,0,1,1,0,2,0,0]]
difficulty: [3,3,3,3,3,2.5,2.5,5,5,5,1.17,2.33,2.33,3.5,3.5]
scores: [0,10,10,10,10,10,-10,-10,-10,10,10,10,10,10,-10]
time: [6.4,3.4,2,3.4,1.2,2.2,1.4,2.8,4.2,1.2,2.4,1,0.8,0.8,4]


male

>65

highsch
