1561672536010



Part 1: 
[[1,1,0,1,0,2,0,2,2],[2,2,1,2,0,2,0,2,2]]
,[[1,0,0,2,2,0,2,1,1],[2,1,0,2,2,0,2,2,2]]
,[[2,0,0,1,0,1,2,1,2],[2,0,0,2,1,2,2,2,2]]
,[[1,0,0,1,1,2,2,0,2],[2,0,0,2,2,2,2,1,2]]
,[[1,1,2,1,0,2,0,0,2],[2,2,2,2,0,2,0,1,2]]
,[[1,0,0,1,2,0,0,2,0],[2,1,0,2,2,0,0,2,0]]
,[[0,0,0,0,0,1,2,1,2],[1,0,0,0,0,2,2,2,2]]
,[[1,0,0,1,0,0,0,2,2],[2,0,0,2,0,1,0,2,2]]
,[[0,0,0,0,0,2,1,1,2],[1,0,0,0,0,2,2,2,2]]
,[[2,1,0,0,0,1,0,2,0],[2,2,0,1,0,2,0,2,0]]
,[[1,0,0,0,2,0,0,0,0],[2,1,0,0,2,0,0,0,0]]
,[[0,0,0,0,0,1,2,0,0],[1,0,0,0,0,2,2,0,0]]
,[[0,0,0,1,0,0,0,0,2],[1,0,0,2,0,0,0,0,2]]
,[[0,1,0,0,0,2,0,0,0],[0,2,0,0,0,2,0,1,0]]
,[[0,0,1,0,0,0,0,0,2],[0,0,2,1,0,0,0,0,2]]
difficulty: [3,3,3,3,3,2.5,2.5,5,5,5,1.17,2.33,2.33,3.5,3.5]
scores: [,,,,,,,,,,,,,,]
time: [12.2,10.8,2,2.4,2.8,5,6.4,1.8,2.6,1.2,2.2,1.6,1.8,0.6,1]


Part 2: 
[[1,0,0,2,1,1,0,2,2],[1,0,1,2,1,1,0,2,2]]
,[[2,1,2,1,0,1,0,2,0],[2,1,2,1,1,1,0,2,0]]
,[[1,1,2,2,0,0,0,1,2],[1,1,2,2,1,0,0,1,2]]
,[[1,0,0,0,1,0,2,0,2],[1,0,0,0,1,0,2,1,2]]
,[[0,1,0,0,0,2,0,1,2],[0,1,0,1,0,2,0,1,2]]
,[[0,2,0,0,0,2,0,1,1],[0,2,0,1,0,2,0,1,1]]
,[[0,0,2,0,0,1,0,0,0],[0,0,2,0,0,1,0,0,1]]
,[[0,0,1,0,0,2,0,0,0],[0,0,1,1,0,2,0,0,0]]
,[[0,0,0,0,0,1,0,2,0],[1,0,0,0,0,1,0,2,0]]
scores: [-10,10,0,0,10,-10,0,10,0]
time: [17.4,8,14,20.4,2.4,0.6,0.8,0.2,0.2]
time on expl: [4.4,11.4,8.8,1.6,2.4,0.2,0.8,0.6,0.2]


Part 3: 
[[1,1,2,2,0,2,0,1,0],[2,2,2,2,0,2,0,2,1]]
,[[1,0,2,1,1,0,0,2,2],[2,0,2,2,2,1,0,2,2]]
,[[2,1,2,1,0,1,0,0,2],[2,2,2,2,1,2,0,0,2]]
,[[1,0,2,0,0,1,1,2,2],[2,1,2,0,0,2,2,2,2]]
,[[1,1,0,2,0,0,2,1,2],[2,2,0,2,0,1,2,2,2]]
,[[1,1,0,0,0,2,0,0,2],[2,2,0,1,0,2,0,0,2]]
,[[0,1,2,1,0,0,0,0,2],[0,2,2,2,0,1,0,0,2]]
,[[1,2,2,0,0,1,0,0,0],[2,2,2,0,0,2,0,1,0]]
,[[0,1,2,0,0,0,0,2,1],[1,2,2,0,0,0,0,2,2]]
,[[2,2,0,1,0,0,0,1,0],[2,2,0,2,0,1,0,2,0]]
,[[1,0,2,0,0,0,0,0,0],[2,0,2,0,0,1,0,0,0]]
,[[0,1,0,0,0,0,0,0,2],[0,2,0,0,0,1,0,0,2]]
,[[0,0,0,1,0,0,2,0,0],[0,0,0,2,0,0,2,1,0]]
,[[0,0,0,1,0,0,0,2,0],[0,1,0,2,0,0,0,2,0]]
,[[0,0,0,0,1,0,2,0,0],[0,0,0,0,2,0,2,0,1]]
difficulty: [3,3,3,3,3,2.5,2.5,5,5,5,1.17,2.33,2.33,3.5,3.5]
scores: [,,,,,,,,,,,,,,]
time: [6.8,1,1.6,3.2,3.4,9.6,2,5,7.8,2.6,0.8,1.8,2.4,1.6,1.4]


male

25-34

bachelor
