1561691805357



Part 1: 
[[1,1,0,1,0,2,0,2,2],[1,1,1,1,0,2,0,2,2]]
,[[1,0,0,2,2,0,2,1,1],[1,0,0,2,2,1,2,1,1]]
,[[2,0,0,1,0,1,2,1,2],[2,0,0,1,1,1,2,1,2]]
,[[1,0,0,1,1,2,2,0,2],[1,0,0,1,1,2,2,1,2]]
,[[1,1,2,1,0,2,0,0,2],[1,1,2,1,0,2,0,1,2]]
,[[1,0,0,1,2,0,0,2,0],[1,0,0,1,2,1,0,2,0]]
,[[0,0,0,0,0,1,2,1,2],[0,0,0,1,0,1,2,1,2]]
,[[1,0,0,1,0,0,0,2,2],[1,0,0,1,0,1,0,2,2]]
,[[0,0,0,0,0,2,1,1,2],[0,1,0,0,0,2,1,1,2]]
,[[2,1,0,0,0,1,0,2,0],[2,1,0,1,0,1,0,2,0]]
,[[1,0,0,0,2,0,0,0,0],[1,0,0,0,2,0,0,1,0]]
,[[0,0,0,0,0,1,2,0,0],[0,0,0,0,0,1,2,1,0]]
,[[0,0,0,1,0,0,0,0,2],[0,0,0,1,0,1,0,0,2]]
,[[0,1,0,0,0,2,0,0,0],[0,1,0,0,0,2,0,1,0]]
,[[0,0,1,0,0,0,0,0,2],[0,0,1,1,0,0,0,0,2]]
difficulty: [3,3,3,3,3,2.5,2.5,5,5,5,1.17,2.33,2.33,3.5,3.5]
scores: [10,0,10,10,10,0,10,-10,-10,10,10,0,10,10,-10]
time: [16.8,4.8,7,2.4,1.4,6.6,3,0.8,1.4,2.2,1.8,0.4,0,0.4,0.8]


Part 2: 
[[1,0,0,2,1,1,0,2,2],[1,1,0,2,1,1,0,2,2]]
,[[2,1,2,1,0,1,0,2,0],[2,1,2,1,1,1,0,2,0]]
,[[1,1,2,2,0,0,0,1,2],[1,1,2,2,0,1,0,1,2]]
,[[1,0,0,0,1,0,2,0,2],[1,0,0,1,1,0,2,0,2]]
,[[0,1,0,0,0,2,0,1,2],[1,1,0,0,0,2,0,1,2]]
,[[0,2,0,0,0,2,0,1,1],[0,2,0,1,0,2,0,1,1]]
,[[0,0,2,0,0,1,0,0,0],[0,0,2,0,0,1,0,1,0]]
,[[0,0,1,0,0,2,0,0,0],[0,0,1,1,0,2,0,0,0]]
,[[0,0,0,0,0,1,0,2,0],[1,0,0,0,0,1,0,2,0]]
scores: [10,10,10,10,0,-10,10,10,0]
time: [16.2,1.6,2.6,2.8,2.2,3.8,4.2,1.4,0.2]
time on expl: [4.4,0.8,1.6,3.8,0.2,2.6,0.8,0,0.8]


Part 3: 
[[1,1,2,2,0,2,0,1,0],[1,1,2,2,0,2,0,1,1]]
,[[1,0,2,1,1,0,0,2,2],[1,0,2,1,1,1,0,2,2]]
,[[2,1,2,1,0,1,0,0,2],[2,1,2,1,0,1,0,1,2]]
,[[1,0,2,0,0,1,1,2,2],[1,0,2,1,0,1,1,2,2]]
,[[1,1,0,2,0,0,2,1,2],[1,1,0,2,0,1,2,1,2]]
,[[1,1,0,0,0,2,0,0,2],[1,1,0,0,0,2,0,1,2]]
,[[0,1,2,1,0,0,0,0,2],[0,1,2,1,0,1,0,0,2]]
,[[1,2,2,0,0,1,0,0,0],[1,2,2,0,0,1,0,1,0]]
,[[0,1,2,0,0,0,0,2,1],[0,1,2,0,0,1,0,2,1]]
,[[2,2,0,1,0,0,0,1,0],[2,2,0,1,0,1,0,1,0]]
,[[1,0,2,0,0,0,0,0,0],[1,0,2,1,0,0,0,0,0]]
,[[0,1,0,0,0,0,0,0,2],[1,1,0,0,0,0,0,0,2]]
,[[0,0,0,1,0,0,2,0,0],[0,1,0,1,0,0,2,0,0]]
,[[0,0,0,1,0,0,0,2,0],[0,0,0,1,0,1,0,2,0]]
,[[0,0,0,0,1,0,2,0,0],[0,0,0,0,1,0,2,0,1]]
difficulty: [3,3,3,3,3,2.5,2.5,5,5,5,1.17,2.33,2.33,3.5,3.5]
scores: [10,10,-10,-10,10,0,10,-10,-10,10,10,10,10,10,-10]
time: [0.8,0.8,0.8,2.4,0.2,1,0.2,0.4,3.8,0.6,1,1.2,0.4,0.4,2.6]


male

25-34

highsch
