depth1:
1572359790554
1572359824791
1572360316336
1572361174316
1572361729016
1572361751064
1572361957131
1572363106362
1572364056446
1572364097865
1572364559332
1572366826882
1572366848727
1572367806687
1572370358959
1572370673361
1572371073427
1572374337197


depth2:
1572359790554
1572359824791
1572360316336
1572360855157
1572361174316
1572361729016
1572361751064
1572361957131
1572363106362
1572364056446
1572364097865
1572364559332
1572366826882
1572366848727
1572367806687
1572370358959
1572370673361
1572371073427
1572374337197

depth3:
1572359790554
1572359824791
1572360316336
1572360855157
1572361174316
1572361729016
1572361751064
1572361957131
1572363106362
1572364056446
1572364097865
1572364559332
1572366826882
1572366848727
1572367806687
1572370358959
1572370673361
1572371073427
1572374337197



triplets
three
triple
double
pair
block
better chance
maximize
mistake
best
accurate
