1572370821712



Part 1: 
[[1,1,0,1,0,2,0,2,2],[1,1,1,1,0,2,0,2,2]]
,[[1,0,0,2,2,0,2,1,1],[1,0,0,2,2,1,2,1,1]]
,[[2,0,0,1,0,1,2,1,2],[2,0,1,1,0,1,2,1,2]]
,[[1,0,0,1,1,2,2,0,2],[1,0,0,1,1,2,2,1,2]]
,[[1,1,2,1,0,2,0,0,2],[1,1,2,1,1,2,0,0,2]]
,[[1,0,0,1,2,0,0,2,0],[1,0,1,1,2,0,0,2,0]]
,[[0,0,0,0,0,1,2,1,2],[0,0,1,0,0,1,2,1,2]]
,[[1,0,0,1,0,0,0,2,2],[1,0,1,1,0,0,0,2,2]]
,[[0,0,0,0,0,2,1,1,2],[0,0,0,0,1,2,1,1,2]]
,[[2,1,0,0,0,1,0,2,0],[2,1,1,0,0,1,0,2,0]]
,[[1,0,0,0,2,0,0,0,0],[1,0,0,0,2,0,1,0,0]]
,[[0,0,0,0,0,1,2,0,0],[0,0,0,0,0,1,2,1,0]]
,[[0,0,0,1,0,0,0,0,2],[0,0,0,1,0,1,0,0,2]]
,[[0,1,0,0,0,2,0,0,0],[0,1,0,0,1,2,0,0,0]]
,[[0,0,1,0,0,0,0,0,2],[0,0,1,0,0,1,0,0,2]]
difficulty: [3,3,3,3,3,2.5,2.5,5,5,5,1.17,2.33,2.33,3.5,3.5]
scores: [10,0,-10,10,0,10,0,-10,0,-10,10,0,10,0,0]
time: [11.6,10.8,2.8,4.2,2,2,3.2,3,0.6,7,1.4,1,1.4,0.2,0]









Part 2: 
[[1,0,0,2,1,1,0,2,2],[1,1,0,2,1,1,0,2,2]]
,[[2,1,2,1,0,1,0,2,0],[2,1,2,1,0,1,1,2,0]]
,[[1,1,2,2,0,0,0,1,2],[1,1,2,2,1,0,0,1,2]]
,[[1,0,0,0,1,0,2,0,2],[1,0,0,1,1,0,2,0,2]]
,[[0,1,0,0,0,2,0,1,2],[1,1,0,0,0,2,0,1,2]]
,[[0,2,0,0,0,2,0,1,1],[0,2,0,1,0,2,0,1,1]]
,[[0,0,2,0,0,1,0,0,0],[0,0,2,0,0,1,0,1,0]]
,[[0,0,1,0,0,2,0,0,0],[1,0,1,0,0,2,0,0,0]]
,[[0,0,0,0,0,1,0,2,0],[0,1,0,0,0,1,0,2,0]]
scores: [10,0,0,10,0,-10,10,0,10]
time: [13.8,5,15,0.2,0.4,0.2,0,0,1]
time on expl: [1.4,6,2.6,3.2,1,0.6,0.8,1.4,2.8]


Part 3: 
[[1,1,2,2,0,2,0,1,0],[1,1,2,2,0,2,0,1,1]]
,[[1,0,2,1,1,0,0,2,2],[1,0,2,1,1,0,1,2,2]]
,[[2,1,2,1,0,1,0,0,2],[2,1,2,1,0,1,0,1,2]]
,[[1,0,2,0,0,1,1,2,2],[1,0,2,0,1,1,1,2,2]]
,[[1,1,0,2,0,0,2,1,2],[1,1,1,2,0,0,2,1,2]]
,[[1,1,0,0,0,2,0,0,2],[1,1,0,0,1,2,0,0,2]]
,[[0,1,2,1,0,0,0,0,2],[0,1,2,1,0,0,0,1,2]]
,[[1,2,2,0,0,1,0,0,0],[1,2,2,0,0,1,0,0,1]]
,[[0,1,2,0,0,0,0,2,1],[0,1,2,0,0,0,1,2,1]]
,[[2,2,0,1,0,0,0,1,0],[2,2,1,1,0,0,0,1,0]]
,[[1,0,2,0,0,0,0,0,0],[1,0,2,0,1,0,0,0,0]]
,[[0,1,0,0,0,0,0,0,2],[0,1,0,0,0,0,1,0,2]]
,[[0,0,0,1,0,0,2,0,0],[0,0,0,1,0,0,2,0,1]]
,[[0,0,0,1,0,0,0,2,0],[0,0,1,1,0,0,0,2,0]]
,[[0,0,0,0,1,0,2,0,0],[0,0,0,0,1,0,2,0,1]]
difficulty: [3,3,3,3,3,2.5,2.5,5,5,5,1.17,2.33,2.33,3.5,3.5]
scores: [10,-10,-10,-10,0,0,-10,-10,0,-10,10,0,0,-10,-10]
time: [1.2,1.2,2.6,0.2,1.2,0,0.2,0,0.6,0.6,0,0.6,0,0.2,2.4]


Part 4: 
[[1,0,2,1,1,0,0,2,2],[1,0,2,1,1,0,1,2,2]]
,[[0,1,2,1,0,0,0,0,2],[0,1,2,1,0,0,0,1,2]]
,[[0,0,0,0,1,0,2,0,0],[0,0,0,0,1,0,2,0,1]]
,[[1,0,2,0,0,1,1,2,2],[1,0,2,0,1,1,1,2,2]]
,[[1,1,0,0,0,2,0,0,2],[1,1,0,0,1,2,0,0,2]]
,[[0,0,0,1,0,0,2,0,0],[0,0,0,1,0,0,2,0,1]]
responses: [following the instructions ,
following the instructions ,
following the instructions ,
general attitude  ,
general attitude ,
general attitude ]
scores: [0,0,0,2,2,2]
time on expl: [65.6,34.6,1.8,23.6,26,2]


female

35-44

bachelor
