1572362317499



Part 1: 
[[1,1,0,1,0,2,0,2,2],[1,1,1,1,0,2,0,2,2]]
,[[1,0,0,2,2,0,2,1,1],[1,0,1,2,2,0,2,1,1]]
,[[2,0,0,1,0,1,2,1,2],[2,1,0,1,0,1,2,1,2]]
,[[1,0,0,1,1,2,2,0,2],[1,0,1,1,1,2,2,0,2]]
,[[1,1,2,1,0,2,0,0,2],[1,1,2,1,1,2,0,0,2]]
,[[1,0,0,1,2,0,0,2,0],[1,1,0,1,2,0,0,2,0]]
,[[0,0,0,0,0,1,2,1,2],[1,0,0,0,0,1,2,1,2]]
,[[1,0,0,1,0,0,0,2,2],[1,1,0,1,0,0,0,2,2]]
,[[0,0,0,0,0,2,1,1,2],[0,1,0,0,0,2,1,1,2]]
,[[2,1,0,0,0,1,0,2,0],[2,1,0,0,0,1,0,2,1]]
,[[1,0,0,0,2,0,0,0,0],[1,0,1,0,2,0,0,0,0]]
,[[0,0,0,0,0,1,2,0,0],[0,1,0,0,0,1,2,0,0]]
,[[0,0,0,1,0,0,0,0,2],[1,0,0,1,0,0,0,0,2]]
,[[0,1,0,0,0,2,0,0,0],[0,1,1,0,0,2,0,0,0]]
,[[0,0,1,0,0,0,0,0,2],[0,1,1,0,0,0,0,0,2]]
difficulty: [3,3,3,3,3,2.5,2.5,5,5,5,1.17,2.33,2.33,3.5,3.5]
scores: [10,-10,-10,-10,0,10,10,10,-10,-10,10,0,10,-10,10]
time: [1.6,1.2,0.6,1.8,0.8,1,1.6,2.4,2.2,5.2,0.2,0.4,0.4,0.4,0.6]









Part 2: 
[[1,0,0,2,1,1,0,2,2],[1,0,1,2,1,1,0,2,2]]
,[[2,1,2,1,0,1,0,2,0],[2,1,2,1,1,1,0,2,0]]
,[[1,1,2,2,0,0,0,1,2],[1,1,2,2,1,0,0,1,2]]
,[[1,0,0,0,1,0,2,0,2],[1,0,0,0,1,0,2,1,2]]
,[[0,1,0,0,0,2,0,1,2],[1,1,0,0,0,2,0,1,2]]
,[[0,2,0,0,0,2,0,1,1],[1,2,0,0,0,2,0,1,1]]
,[[0,0,2,0,0,1,0,0,0],[0,0,2,0,0,1,0,1,0]]
,[[0,0,1,0,0,2,0,0,0],[1,0,1,0,0,2,0,0,0]]
,[[0,0,0,0,0,1,0,2,0],[1,0,0,0,0,1,0,2,0]]
scores: [-10,10,0,0,0,10,10,0,0]
time: [39.2,2.2,1.4,1.8,2,1.2,1.4,1.6,1.4]
time on expl: [10.6,2.2,1,1.2,1.6,1,1.4,1.2,1]


Part 3: 
[[1,1,2,2,0,2,0,1,0],[1,1,2,2,0,2,1,1,0]]
,[[1,0,2,1,1,0,0,2,2],[1,1,2,1,1,0,0,2,2]]
,[[2,1,2,1,0,1,0,0,2],[2,1,2,1,0,1,1,0,2]]
,[[1,0,2,0,0,1,1,2,2],[1,0,2,0,1,1,1,2,2]]
,[[1,1,0,2,0,0,2,1,2],[1,1,1,2,0,0,2,1,2]]
,[[1,1,0,0,0,2,0,0,2],[1,1,0,0,1,2,0,0,2]]
,[[0,1,2,1,0,0,0,0,2],[0,1,2,1,0,1,0,0,2]]
,[[1,2,2,0,0,1,0,0,0],[1,2,2,0,0,1,1,0,0]]
,[[0,1,2,0,0,0,0,2,1],[0,1,2,0,1,0,0,2,1]]
,[[2,2,0,1,0,0,0,1,0],[2,2,1,1,0,0,0,1,0]]
,[[1,0,2,0,0,0,0,0,0],[1,0,2,0,1,0,0,0,0]]
,[[0,1,0,0,0,0,0,0,2],[0,1,1,0,0,0,0,0,2]]
,[[0,0,0,1,0,0,2,0,0],[0,0,0,1,0,0,2,1,0]]
,[[0,0,0,1,0,0,0,2,0],[0,0,0,1,1,0,0,2,0]]
,[[0,0,0,0,1,0,2,0,0],[0,0,0,0,1,0,2,0,1]]
difficulty: [3,3,3,3,3,2.5,2.5,5,5,5,1.17,2.33,2.33,3.5,3.5]
scores: [-10,0,-10,-10,0,0,10,-10,-10,-10,10,10,0,-10,-10]
time: [0.8,0.6,2.2,0.8,1,0.4,1,0.8,0.4,0.4,0,1,1.4,2.2,0.8]


Part 4: 
[[2,1,2,1,0,1,0,0,2],[2,1,2,1,0,1,1,0,2]]
,[[0,1,2,0,0,0,0,2,1],[0,1,2,0,1,0,0,2,1]]
,[[0,0,0,1,0,0,0,2,0],[0,0,0,1,1,0,0,2,0]]
,[[0,1,0,0,0,0,0,0,2],[0,1,1,0,0,0,0,0,2]]
,[[1,1,2,2,0,2,0,1,0],[1,1,2,2,0,2,1,1,0]]
,[[1,2,2,0,0,1,0,0,0],[1,2,2,0,0,1,1,0,0]]
responses: [given the diagram above , the best way to win is to follow the best logic and make the blue match with the other,
blue should own the island,
castle occurs more often,
making the blue many is the best,
island needs more of blue,
beat the castle]
scores: [0,0,0,1,2,2]
time on expl: [75.2,17.2,47,30,22.4,18.6]


male

35-44

college
