1572361174316



Part 1: 
[[1,1,0,1,0,2,0,2,2],[1,1,1,1,0,2,0,2,2]]
,[[1,0,0,2,2,0,2,1,1],[1,1,0,2,2,0,2,1,1]]
,[[2,0,0,1,0,1,2,1,2],[2,0,0,1,1,1,2,1,2]]
,[[1,0,0,1,1,2,2,0,2],[1,0,0,1,1,2,2,1,2]]
,[[1,1,2,1,0,2,0,0,2],[1,1,2,1,0,2,0,1,2]]
,[[1,0,0,1,2,0,0,2,0],[1,0,0,1,2,1,0,2,0]]
,[[0,0,0,0,0,1,2,1,2],[0,1,0,0,0,1,2,1,2]]
,[[1,0,0,1,0,0,0,2,2],[1,0,0,1,0,1,0,2,2]]
,[[0,0,0,0,0,2,1,1,2],[1,0,0,0,0,2,1,1,2]]
,[[2,1,0,0,0,1,0,2,0],[2,1,0,0,1,1,0,2,0]]
,[[1,0,0,0,2,0,0,0,0],[1,1,0,0,2,0,0,0,0]]
,[[0,0,0,0,0,1,2,0,0],[0,0,0,1,0,1,2,0,0]]
,[[0,0,0,1,0,0,0,0,2],[1,0,0,1,0,0,0,0,2]]
,[[0,1,0,0,0,2,0,0,0],[1,1,0,0,0,2,0,0,0]]
,[[0,0,1,0,0,0,0,0,2],[1,0,1,0,0,0,0,0,2]]
difficulty: [3,3,3,3,3,2.5,2.5,5,5,5,1.17,2.33,2.33,3.5,3.5]
scores: [10,10,10,10,10,0,-10,-10,10,-10,10,10,10,0,10]
time: [27.4,14.8,17,15.8,36.8,18.8,13.8,27,15.8,23.2,8,8.2,14,9.8,12.6]









Part 2: 
[[1,0,0,2,1,1,0,2,2],[1,1,0,2,1,1,0,2,2]]
,[[2,1,2,1,0,1,0,2,0],[2,1,2,1,0,1,1,2,0]]
,[[1,1,2,2,0,0,0,1,2],[1,1,2,2,0,1,0,1,2]]
,[[1,0,0,0,1,0,2,0,2],[1,0,0,1,1,0,2,0,2]]
,[[0,1,0,0,0,2,0,1,2],[1,1,0,0,0,2,0,1,2]]
,[[0,2,0,0,0,2,0,1,1],[1,2,0,0,0,2,0,1,1]]
,[[0,0,2,0,0,1,0,0,0],[0,0,2,0,0,1,0,1,0]]
,[[0,0,1,0,0,2,0,0,0],[1,0,1,0,0,2,0,0,0]]
,[[0,0,0,0,0,1,0,2,0],[1,0,0,0,0,1,0,2,0]]
scores: [10,0,10,10,0,10,10,0,0]
time: [74,47.6,19.4,21.8,26.2,14.2,434.6,13.6,20.4]
time on expl: [3.6,2.2,1.6,1.2,0.8,1.2,0.8,1.2,1.2]


Part 3: 
[[1,1,2,2,0,2,0,1,0],[1,1,2,2,0,2,0,1,1]]
,[[1,0,2,1,1,0,0,2,2],[1,0,2,1,1,1,0,2,2]]
,[[2,1,2,1,0,1,0,0,2],[2,1,2,1,1,1,0,0,2]]
,[[1,0,2,0,0,1,1,2,2],[1,1,2,0,0,1,1,2,2]]
,[[1,1,0,2,0,0,2,1,2],[1,1,0,2,0,1,2,1,2]]
,[[1,1,0,0,0,2,0,0,2],[1,1,0,1,0,2,0,0,2]]
,[[0,1,2,1,0,0,0,0,2],[0,1,2,1,0,0,0,1,2]]
,[[1,2,2,0,0,1,0,0,0],[1,2,2,1,0,1,0,0,0]]
,[[0,1,2,0,0,0,0,2,1],[0,1,2,0,0,1,0,2,1]]
,[[2,2,0,1,0,0,0,1,0],[2,2,0,1,1,0,0,1,0]]
,[[1,0,2,0,0,0,0,0,0],[1,0,2,0,0,1,0,0,0]]
,[[0,1,0,0,0,0,0,0,2],[0,1,0,1,0,0,0,0,2]]
,[[0,0,0,1,0,0,2,0,0],[1,0,0,1,0,0,2,0,0]]
,[[0,0,0,1,0,0,0,2,0],[1,0,0,1,0,0,0,2,0]]
,[[0,0,0,0,1,0,2,0,0],[0,1,0,0,1,0,2,0,0]]
difficulty: [3,3,3,3,3,2.5,2.5,5,5,5,1.17,2.33,2.33,3.5,3.5]
scores: [10,10,10,10,10,10,-10,10,-10,-10,10,10,10,0,0]
time: [9.8,8.4,7.6,9,25.2,14.6,13.6,26.6,12.6,22.2,42.8,17,14,7.6,6.6]


Part 4: 
[[0,1,2,1,0,0,0,0,2],[0,1,2,1,0,0,0,1,2]]
,[[0,0,0,1,0,0,0,2,0],[1,0,0,1,0,0,0,2,0]]
,[[1,1,0,0,0,2,0,0,2],[1,1,0,1,0,2,0,0,2]]
,[[0,1,2,0,0,0,0,2,1],[0,1,2,0,0,1,0,2,1]]
,[[0,0,0,0,1,0,2,0,0],[0,1,0,0,1,0,2,0,0]]
,[[1,1,2,2,0,2,0,1,0],[1,1,2,2,0,2,0,1,1]]
responses: [I WAS TRYING TO GET 4 OF SAME RESOURCES,
EAS TRYING FOR THREE RESOURCES,
LOOKING TO TAKE THE ISLAND BY CAPTURING ALL OF ITS RESOURCES,
TRING TO CAPTURE A TRIPLE,
TRYING FOR A DOUBLE,
TRYING TO CAPTURE ISLAND 2 BY GETTING THEIR RESOURCES]
scores: [0,0,1,2,2,3]
time on expl: [51,36,50.8,199,23,39.4]


female

45-54

college
