1572363106362



Part 1: 
[[1,1,0,1,0,2,0,2,2],[1,1,1,1,0,2,0,2,2]]
,[[1,0,0,2,2,0,2,1,1],[1,1,0,2,2,0,2,1,1]]
,[[2,0,0,1,0,1,2,1,2],[2,0,0,1,1,1,2,1,2]]
,[[1,0,0,1,1,2,2,0,2],[1,0,1,1,1,2,2,0,2]]
,[[1,1,2,1,0,2,0,0,2],[1,1,2,1,0,2,1,0,2]]
,[[1,0,0,1,2,0,0,2,0],[1,0,1,1,2,0,0,2,0]]
,[[0,0,0,0,0,1,2,1,2],[0,0,1,0,0,1,2,1,2]]
,[[1,0,0,1,0,0,0,2,2],[1,1,0,1,0,0,0,2,2]]
,[[0,0,0,0,0,2,1,1,2],[0,0,0,1,0,2,1,1,2]]
,[[2,1,0,0,0,1,0,2,0],[2,1,0,1,0,1,0,2,0]]
,[[1,0,0,0,2,0,0,0,0],[1,1,0,0,2,0,0,0,0]]
,[[0,0,0,0,0,1,2,0,0],[0,0,0,1,0,1,2,0,0]]
,[[0,0,0,1,0,0,0,0,2],[0,0,0,1,1,0,0,0,2]]
,[[0,1,0,0,0,2,0,0,0],[0,1,0,0,0,2,0,0,1]]
,[[0,0,1,0,0,0,0,0,2],[0,0,1,0,0,0,1,0,2]]
difficulty: [3,3,3,3,3,2.5,2.5,5,5,5,1.17,2.33,2.33,3.5,3.5]
scores: [10,10,10,-10,0,10,0,10,-10,10,10,10,0,-10,-10]
time: [3,3.4,3.8,16.2,7.4,9.8,3.4,4.6,3.4,6,3.2,1.8,0.2,1,3]









Part 2: 
[[1,0,0,2,1,1,0,2,2],[1,0,1,2,1,1,0,2,2]]
,[[2,1,2,1,0,1,0,2,0],[2,1,2,1,0,1,1,2,0]]
,[[1,1,2,2,0,0,0,1,2],[1,1,2,2,0,1,0,1,2]]
,[[1,0,0,0,1,0,2,0,2],[1,0,0,0,1,0,2,1,2]]
,[[0,1,0,0,0,2,0,1,2],[0,1,0,1,0,2,0,1,2]]
,[[0,2,0,0,0,2,0,1,1],[1,2,0,0,0,2,0,1,1]]
,[[0,0,2,0,0,1,0,0,0],[0,0,2,0,0,1,0,1,0]]
,[[0,0,1,0,0,2,0,0,0],[0,0,1,1,0,2,0,0,0]]
,[[0,0,0,0,0,1,0,2,0],[1,0,0,0,0,1,0,2,0]]
scores: [-10,0,10,0,10,10,10,10,0]
time: [10.8,4.4,5.2,5.6,5,1,1.6,1.8,3]
time on expl: [17.4,0.2,0,0,0,0,0,0,0.2]


Part 3: 
[[1,1,2,2,0,2,0,1,0],[1,1,2,2,0,2,0,1,1]]
,[[1,0,2,1,1,0,0,2,2],[1,1,2,1,1,0,0,2,2]]
,[[2,1,2,1,0,1,0,0,2],[2,1,2,1,0,1,1,0,2]]
,[[1,0,2,0,0,1,1,2,2],[1,1,2,0,0,1,1,2,2]]
,[[1,1,0,2,0,0,2,1,2],[1,1,0,2,0,1,2,1,2]]
,[[1,1,0,0,0,2,0,0,2],[1,1,0,1,0,2,0,0,2]]
,[[0,1,2,1,0,0,0,0,2],[0,1,2,1,0,1,0,0,2]]
,[[1,2,2,0,0,1,0,0,0],[1,2,2,0,1,1,0,0,0]]
,[[0,1,2,0,0,0,0,2,1],[1,1,2,0,0,0,0,2,1]]
,[[2,2,0,1,0,0,0,1,0],[2,2,0,1,0,1,0,1,0]]
,[[1,0,2,0,0,0,0,0,0],[1,0,2,0,0,0,0,0,1]]
,[[0,1,0,0,0,0,0,0,2],[0,1,0,1,0,0,0,0,2]]
,[[0,0,0,1,0,0,2,0,0],[0,1,0,1,0,0,2,0,0]]
,[[0,0,0,1,0,0,0,2,0],[0,1,0,1,0,0,0,2,0]]
,[[0,0,0,0,1,0,2,0,0],[1,0,0,0,1,0,2,0,0]]
difficulty: [3,3,3,3,3,2.5,2.5,5,5,5,1.17,2.33,2.33,3.5,3.5]
scores: [10,0,-10,10,10,10,10,-10,10,10,10,10,10,10,10]
time: [8.2,1,2.2,3.4,4.8,1.8,2.2,0.4,0.6,0.4,0.6,0.4,0.4,0.4,0.6]


Part 4: 
[[1,1,0,2,0,0,2,1,2],[1,1,0,2,0,1,2,1,2]]
,[[0,1,2,0,0,0,0,2,1],[1,1,2,0,0,0,0,2,1]]
,[[0,0,0,1,0,0,2,0,0],[0,1,0,1,0,0,2,0,0]]
,[[2,1,2,1,0,1,0,0,2],[2,1,2,1,0,1,1,0,2]]
,[[1,2,2,0,0,1,0,0,0],[1,2,2,0,1,1,0,0,0]]
,[[1,1,2,2,0,2,0,1,0],[1,1,2,2,0,2,0,1,1]]
responses: [I get a double on this island white getting three potential rain drops as a match. ,I got a double on this island. The double gives me the win while also supporting the three of a kind chance. ,I have a double on this island with potential for three of a kind. ,Right now I have a double on the 3rd island. One more move and I would be allow to capture this island with all resources. ,Right now, I have the potential for three of a kind. I have two of the corn stalks already, so one more on the 1st island would secure the win. ,This move wins me the game. I have 3 of a kind of the castles. ]
scores: [1,1,1,2,2,3]
time on expl: [34.4,30,40.2,18,25.6,11.8]


male

25-34

bachelor
