1572364571026



Part 1: 
[[1,1,0,1,0,2,0,2,2],[1,1,1,1,0,2,0,2,2]]
,[[1,0,0,2,2,0,2,1,1],[1,0,1,2,2,0,2,1,1]]
,[[2,0,0,1,0,1,2,1,2],[2,0,0,1,1,1,2,1,2]]
,[[1,0,0,1,1,2,2,0,2],[1,0,0,1,1,2,2,1,2]]
,[[1,1,2,1,0,2,0,0,2],[1,1,2,1,0,2,1,0,2]]
,[[1,0,0,1,2,0,0,2,0],[1,0,1,1,2,0,0,2,0]]
,[[0,0,0,0,0,1,2,1,2],[0,0,0,1,0,1,2,1,2]]
,[[1,0,0,1,0,0,0,2,2],[1,0,1,1,0,0,0,2,2]]
,[[0,0,0,0,0,2,1,1,2],[0,0,0,1,0,2,1,1,2]]
,[[2,1,0,0,0,1,0,2,0],[2,1,0,1,0,1,0,2,0]]
,[[1,0,0,0,2,0,0,0,0],[1,0,0,0,2,1,0,0,0]]
,[[0,0,0,0,0,1,2,0,0],[0,0,0,0,1,1,2,0,0]]
,[[0,0,0,1,0,0,0,0,2],[0,0,1,1,0,0,0,0,2]]
,[[0,1,0,0,0,2,0,0,0],[0,1,0,0,0,2,0,0,1]]
,[[0,0,1,0,0,0,0,0,2],[0,0,1,0,0,0,1,0,2]]
difficulty: [3,3,3,3,3,2.5,2.5,5,5,5,1.17,2.33,2.33,3.5,3.5]
scores: [10,-10,10,10,0,10,10,-10,-10,10,10,10,-10,-10,-10]
time: [0.6,4,1.8,2.6,2,2.8,1.6,1.2,1.2,1.2,0.6,0.4,0.4,8.8,9.6]









Part 2: 
[[1,0,0,2,1,1,0,2,2],[1,0,1,2,1,1,0,2,2]]
,[[2,1,2,1,0,1,0,2,0],[2,1,2,1,0,1,1,2,0]]
,[[1,1,2,2,0,0,0,1,2],[1,1,2,2,0,1,0,1,2]]
,[[1,0,0,0,1,0,2,0,2],[1,0,0,1,1,0,2,0,2]]
,[[0,1,0,0,0,2,0,1,2],[1,1,0,0,0,2,0,1,2]]
,[[0,2,0,0,0,2,0,1,1],[1,2,0,0,0,2,0,1,1]]
,[[0,0,2,0,0,1,0,0,0],[0,0,2,0,0,1,0,1,0]]
,[[0,0,1,0,0,2,0,0,0],[1,0,1,0,0,2,0,0,0]]
,[[0,0,0,0,0,1,0,2,0],[0,1,0,0,0,1,0,2,0]]
scores: [-10,0,10,10,0,10,10,0,10]
time: [10.6,7.4,19.6,5.8,7.2,7,7,4.8,11.4]
time on expl: [1,0,0.2,0,0,0,0,0,0.2]


Part 3: 
[[1,1,2,2,0,2,0,1,0],[1,1,2,2,0,2,0,1,1]]
,[[1,0,2,1,1,0,0,2,2],[1,0,2,1,1,1,0,2,2]]
,[[2,1,2,1,0,1,0,0,2],[2,1,2,1,1,1,0,0,2]]
,[[1,0,2,0,0,1,1,2,2],[1,0,2,1,0,1,1,2,2]]
,[[1,1,0,2,0,0,2,1,2],[1,1,0,2,0,1,2,1,2]]
,[[1,1,0,0,0,2,0,0,2],[1,1,0,1,0,2,0,0,2]]
,[[0,1,2,1,0,0,0,0,2],[1,1,2,1,0,0,0,0,2]]
,[[1,2,2,0,0,1,0,0,0],[1,2,2,1,0,1,0,0,0]]
,[[0,1,2,0,0,0,0,2,1],[0,1,2,0,0,1,0,2,1]]
,[[2,2,0,1,0,0,0,1,0],[2,2,0,1,0,1,0,1,0]]
,[[1,0,2,0,0,0,0,0,0],[1,1,2,0,0,0,0,0,0]]
,[[0,1,0,0,0,0,0,0,2],[1,1,0,0,0,0,0,0,2]]
,[[0,0,0,1,0,0,2,0,0],[0,0,0,1,0,1,2,0,0]]
,[[0,0,0,1,0,0,0,2,0],[0,0,0,1,0,1,0,2,0]]
,[[0,0,0,0,1,0,2,0,0],[0,0,0,0,1,1,2,0,0]]
difficulty: [3,3,3,3,3,2.5,2.5,5,5,5,1.17,2.33,2.33,3.5,3.5]
scores: [10,10,10,-10,10,10,10,10,-10,10,10,10,10,10,10]
time: [9,7.6,9,11,5.6,6.2,8.6,7,4.4,6.4,6.4,6,7.2,16.6,3.2]


Part 4: 
[[0,1,2,0,0,0,0,2,1],[0,1,2,0,0,1,0,2,1]]
,[[1,1,0,2,0,0,2,1,2],[1,1,0,2,0,1,2,1,2]]
,[[1,2,2,0,0,1,0,0,0],[1,2,2,1,0,1,0,0,0]]
,[[0,0,0,0,1,0,2,0,0],[0,0,0,0,1,1,2,0,0]]
,[[1,0,2,0,0,1,1,2,2],[1,0,2,1,0,1,1,2,2]]
,[[1,1,2,2,0,2,0,1,0],[1,1,2,2,0,2,0,1,1]]
responses: [The water resource is important. This would give me a win.,I was trying to get the resource I needed for a win. This was the best choice for it.,I tried to do my best to get matching resources. There were not a lot of great options.,When there are so many open spaces the resources are the most important thing. Try to see what ones are available.,There were not a lot of chances left for good resources. I tried to take what was best.,Tried to get the best resources. Looked for the most matches.]
scores: [0,1,1,1,2,3]
time on expl: [25.2,19.2,17.6,25,25.6,96]


male

25-34

bachelor
